Czas:	Pozycja:	Predkosc:	Moment:


5.4836273193359375e-06	0.0	0.00881375465542078	0.0

0.005007505416870117	-3.0517578125e-05	0.003560071112588048	0.0

0.010009050369262695	-4.57763671875e-05	0.0038251846563071012	0.0

0.01501011848449707	6.103515625e-05	0.022601330652832985	0.02598816156387329

0.02001190185546875	-1.52587890625e-05	0.0006626253016293049	0.05198126658797264

0.02501368522644043	3.0517578125e-05	0.00864276010543108	0.04563085734844208

0.030015230178833008	0.0001220703125	0.0130446283146739	0.06584874540567398

0.035016775131225586	0.0001220703125	0.009398899041116238	0.07725223898887634

0.040018558502197266	0.0001373291015625	0.01263205986469984	0.08435885608196259

0.04502058029174805	0.000213623046875	0.02256840281188488	0.11134308576583862

0.05002117156982422	0.0001678466796875	0.0048919375985860825	0.11781167984008789

0.0550236701965332	0.00042724609375	0.047997552901506424	0.12042603641748428

0.06002497673034668	0.001068115234375	0.11965561658143997	0.13319812715053558

0.06502604484558105	0.002410888671875	0.24579425156116486	0.12534646689891815

0.07002830505371094	0.00445556640625	0.39317673444747925	0.12208246439695358

0.07502961158752441	0.0072784423828125	0.5605148673057556	0.14708074927330017

0.08003091812133789	0.0110626220703125	0.731216549873352	0.11905916035175323

0.08503270149230957	0.015655517578125	0.9003542065620422	0.11896194517612457

0.09003424644470215	0.02142333984375	1.1073027849197388	0.12193672358989716

0.09504032135009766	0.0280609130859375	1.2829937934875488	0.09517483413219452

0.10004115104675293	0.0351409912109375	1.4502382278442383	0.10673990845680237

0.10505032539367676	0.043609619140625	1.6545461416244507	0.10108756273984909

0.11005234718322754	0.05224609375	1.7354079484939575	0.10403881967067719

0.11505317687988281	0.0611114501953125	1.7540384531021118	0.09067333489656448

0.1200551986694336	0.0706024169921875	1.8467744588851929	0.08569182455539703

0.12505698204040527	0.079864501953125	1.867201566696167	0.09294800460338593

0.13005852699279785	0.0891265869140625	1.8417147397994995	0.07639900594949722

0.13506007194519043	0.098419189453125	1.8638432025909424	0.07442789524793625

0.14006257057189941	0.107757568359375	1.858662724494934	0.08437380939722061

0.1450636386871338	0.117279052734375	1.9022139310836792	0.07412923872470856

0.15006494522094727	0.1271209716796875	1.93881356716156	0.058984991163015366

0.15506672859191895	0.136871337890625	1.9274523258209229	0.07404303550720215

0.16006803512573242	0.14605712890625	1.88827645778656	0.061265863478183746

0.1650691032409668	0.1552581787109375	1.8402533531188965	0.07203791290521622

0.17007064819335938	0.164581298828125	1.8469561338424683	0.06171209365129471

0.17507195472717285	0.173828125	1.8720709085464478	0.05668492615222931

0.18007349967956543	0.1835479736328125	1.9318050146102905	0.06837178021669388

0.1850748062133789	0.1938323974609375	2.036098003387451	0.028185881674289703

0.1900773048400879	0.2042694091796875	2.065000057220459	0.03530341759324074

0.19507837295532227	0.2142791748046875	2.0088000297546387	0.046732716262340546

0.20007967948913574	0.223876953125	1.937914252281189	0.05054442957043648

0.20508050918579102	0.23284912109375	1.8181846141815186	0.06012033298611641

0.2100827693939209	0.2416534423828125	1.7605775594711304	0.045261215418577194

0.21508407592773438	0.25018310546875	1.72554349899292	0.059355318546295166

0.22008657455444336	0.258880615234375	1.7389296293258667	0.04601139947772026

0.22508859634399414	0.26763916015625	1.76267409324646	0.03778761252760887

0.23009037971496582	0.276336669921875	1.7363479137420654	0.01972387544810772

0.2350921630859375	0.28411865234375	1.5861611366271973	0.05272986367344856

0.24009418487548828	0.2916107177734375	1.4938682317733765	0.04345455393195152

0.24509549140930176	0.298858642578125	1.458248257637024	0.056123316287994385

0.25009655952453613	0.3051605224609375	1.2862811088562012	0.07177678495645523

0.255098819732666	0.310943603515625	1.1730539798736572	0.051903288811445236

0.2601001262664795	0.31646728515625	1.119692087173462	0.06293226033449173

0.26510095596313477	0.3218994140625	1.1010669469833374	0.0774904191493988

0.27010321617126465	0.3272857666015625	1.0551406145095825	0.08098745346069336

0.27510762214660645	0.3326873779296875	1.120493769645691	0.07434848695993423

0.2801084518432617	0.3382720947265625	1.1321988105773926	0.093730129301548

0.2851099967956543	0.3441619873046875	1.1557142734527588	0.060320816934108734

0.2901120185852051	0.3501739501953125	1.1947144269943237	0.08774104714393616

0.29511308670043945	0.35601806640625	1.1641143560409546	0.09812957793474197

0.30011463165283203	0.3618621826171875	1.184760332107544	0.07499618828296661

0.3051164150238037	0.36798095703125	1.2244819402694702	0.079226054251194

0.3101181983947754	0.3743133544921875	1.2679914236068726	0.08723795413970947

0.31511926651000977	0.380401611328125	1.2185659408569336	0.11214558035135269

0.32012152671813965	0.38653564453125	1.2258180379867554	0.07596362382173538

0.3251230716705322	0.39263916015625	1.2372682094573975	0.07151778787374496

0.3301246166229248	0.3991546630859375	1.3076181411743164	0.08929377794265747

0.3351263999938965	0.40618896484375	1.401742696762085	0.07976870983839035

0.34012818336486816	0.4139862060546875	1.533126950263977	0.06174972280859947

0.34512948989868164	0.42218017578125	1.6316983699798584	0.06447847187519073

0.350130558013916	0.43023681640625	1.6192023754119873	0.07353697717189789

0.3551318645477295	0.4382781982421875	1.5942274332046509	0.09709439426660538

0.36013340950012207	0.4462890625	1.6075799465179443	0.06565053761005402

0.36513447761535645	0.4543914794921875	1.63775634765625	0.04414675012230873

0.3701362609863281	0.4626617431640625	1.616027593612671	0.052473001182079315

0.3751387596130371	0.471099853515625	1.6655795574188232	0.04401255398988724

0.3817434310913086	0.481658935546875	1.6293877363204956	0.06532009690999985

0.3867504596710205	0.489837646484375	1.6316323280334473	0.06683129817247391

0.3917536735534668	0.4981231689453125	1.6370660066604614	0.061218567192554474

0.3967556953430176	0.505950927734375	1.5697392225265503	0.05338996648788452

0.40175700187683105	0.5131072998046875	1.457451343536377	0.055369485169649124

0.40676140785217285	0.520050048828125	1.4051907062530518	0.048374347388744354

0.41176915168762207	0.52716064453125	1.41048264503479	0.043721310794353485

0.41677045822143555	0.5343017578125	1.4445507526397705	0.04876449331641197

0.4217722415924072	0.5410614013671875	1.3651800155639648	0.06769195199012756

0.4267747402191162	0.5477447509765625	1.3365857601165771	0.06416496634483337

0.4317770004272461	0.5538330078125	1.2138675451278687	0.06469687819480896

0.4367799758911133	0.559326171875	1.0989692211151123	0.07174412161111832

0.4417848587036133	0.5645599365234375	1.1006858348846436	0.06413637846708298

0.44678688049316406	0.5702056884765625	1.1402508020401	0.0450432188808918

0.45178914070129395	0.5763092041015625	1.1915781497955322	0.06450847536325455

0.4567902088165283	0.581787109375	1.1327812671661377	0.07463148236274719

0.4617912769317627	0.5872955322265625	1.113523006439209	0.06847500801086426

0.46679210662841797	0.592987060546875	1.144682765007019	0.06579481065273285

0.47179412841796875	0.599029541015625	1.2045490741729736	0.07239201664924622

0.476794958114624	0.6052398681640625	1.245625615119934	0.045634690672159195

0.4817962646484375	0.611663818359375	1.2506128549575806	0.05588347092270851

0.4867985248565674	0.6176605224609375	1.2050353288650513	0.05548236891627312

0.49180006980895996	0.62353515625	1.1788034439086914	0.06440555304288864

0.49680161476135254	0.6294403076171875	1.1614816188812256	0.05702460929751396

0.5018036365509033	0.63507080078125	1.1339815855026245	0.05780971795320511

0.5068049430847168	0.6409454345703125	1.158315896987915	0.05847684293985367

0.5118069648742676	0.6470947265625	1.2283095121383667	0.0474078543484211

0.5168089866638184	0.6534881591796875	1.2672141790390015	0.0389280803501606

0.5218114852905273	0.6599273681640625	1.2565600872039795	0.05683451518416405

0.526813268661499	0.665924072265625	1.2231684923171997	0.06403191387653351

0.5318152904510498	0.671844482421875	1.175563931465149	0.044072892516851425

0.5368173122406006	0.6778717041015625	1.2089259624481201	0.04202115908265114

0.5418190956115723	0.683624267578125	1.2033400535583496	0.0466805025935173

0.546820878982544	0.689788818359375	1.215386152267456	0.04700366035103798

0.5518229007720947	0.6959381103515625	1.2202050685882568	0.05607932060956955

0.5568251609802246	0.70166015625	1.1494160890579224	0.054229479283094406

0.5618257522583008	0.7071533203125	1.1227930784225464	0.05313185974955559

0.5668268203735352	0.7125091552734375	1.0965454578399658	0.035644542425870895

0.5718288421630859	0.718170166015625	1.1200029850006104	0.04093558341264725

0.5768294334411621	0.72381591796875	1.1473820209503174	0.05048864707350731

0.5818302631378174	0.7293701171875	1.0952192544937134	0.03951716795563698

0.5868322849273682	0.73480224609375	1.069474458694458	0.0531739667057991

0.5918333530426025	0.739959716796875	1.0281219482421875	0.0573408305644989

0.5968341827392578	0.7448883056640625	0.9817182421684265	0.05044172704219818

0.6018362045288086	0.7496185302734375	0.9476686120033264	0.059899814426898956

0.6068377494812012	0.7541046142578125	0.9253332018852234	0.054250024259090424

0.6118390560150146	0.758392333984375	0.8869370818138123	0.061213418841362

0.6168456077575684	0.762664794921875	0.8501093983650208	0.047736622393131256

0.6218478679656982	0.7668609619140625	0.8421312570571899	0.05654352158308029

0.6268486976623535	0.7706298828125	0.771939754486084	0.05901339277625084

0.631850004196167	0.774078369140625	0.7003838419914246	0.07081469893455505

0.6368522644042969	0.777496337890625	0.6626450419425964	0.06746450066566467

0.6418535709381104	0.78045654296875	0.6069003343582153	0.07695476710796356

0.6468541622161865	0.7833099365234375	0.5933151245117188	0.07964838296175003

0.65185546875	0.7864227294921875	0.6090400218963623	0.07904444634914398

0.6568570137023926	0.7894287109375	0.6022046804428101	0.1021333783864975

0.661858320236206	0.792694091796875	0.6579341888427734	0.06082587316632271

0.6668591499328613	0.7964019775390625	0.7356852889060974	0.05605296790599823

0.6718604564666748	0.80035400390625	0.7851632237434387	0.08714751154184341

0.6768615245819092	0.8041229248046875	0.7508470416069031	0.07406363636255264

0.6818623542785645	0.807769775390625	0.7193014025688171	0.09602472931146622

0.6868646144866943	0.8111114501953125	0.6715099811553955	0.0825958251953125

0.6918661594390869	0.814208984375	0.6329708099365234	0.0815795511007309

0.6968667507171631	0.8175506591796875	0.6781970858573914	0.07970456779003143

0.701869010925293	0.8210296630859375	0.6888909339904785	0.05941266939043999

0.7068746089935303	0.8251190185546875	0.7855010628700256	0.08127850294113159

0.7118761539459229	0.8291473388671875	0.822267472743988	0.06288346648216248

0.7168774604797363	0.833221435546875	0.8277735710144043	0.08255372941493988

0.721879243850708	0.8377838134765625	0.8866782784461975	0.058514539152383804

0.7268803119659424	0.8423309326171875	0.9230228662490845	0.07118083536624908

0.731881856918335	0.846954345703125	0.91347736120224	0.06445573270320892

0.7368836402893066	0.8514404296875	0.8975816965103149	0.06473052501678467

0.7418851852416992	0.85577392578125	0.8753513097763062	0.06483890116214752

0.7468867301940918	0.8597259521484375	0.8117625117301941	0.067537821829319

0.7518877983093262	0.8635711669921875	0.7598440051078796	0.05644109100103378

0.7568905353546143	0.8670196533203125	0.7035483717918396	0.0761035680770874

0.7618978023529053	0.870513916015625	0.7136779427528381	0.06809552013874054

0.7669014930725098	0.874053955078125	0.709985077381134	0.05605069547891617

0.7719030380249023	0.87786865234375	0.7531299591064453	0.05501056835055351

0.7769038677215576	0.8815460205078125	0.7221036553382874	0.06712555885314941

0.7819054126739502	0.8849334716796875	0.6788350939750671	0.07908964157104492

0.7869076728820801	0.888214111328125	0.6547361016273499	0.06600789725780487

0.7919085025787354	0.891204833984375	0.6171427965164185	0.06548072397708893

0.7969100475311279	0.8942108154296875	0.6032862067222595	0.04898545891046524

0.8019125461578369	0.8974609375	0.6320879459381104	0.052878014743328094

0.8069150447845459	0.9004974365234375	0.6134937405586243	0.0631374940276146

0.8119165897369385	0.9032745361328125	0.5699189305305481	0.055295635014772415

0.8169176578521729	0.9060516357421875	0.5574788451194763	0.057637397199869156

0.8219196796417236	0.908538818359375	0.5040135383605957	0.07795332372188568

0.8269209861755371	0.9106903076171875	0.441792756319046	0.058367758989334106

0.8319220542907715	0.9128265380859375	0.42545753717422485	0.06850926578044891

0.8369243144989014	0.915191650390625	0.4604479968547821	0.058184441179037094

0.841925859451294	0.9177093505859375	0.4973240792751312	0.06359604001045227

0.8469269275665283	0.9201507568359375	0.47922879457473755	0.0639362707734108

0.8519284725189209	0.9224395751953125	0.4562140107154846	0.05654846131801605

0.8569297790527344	0.9249420166015625	0.48897063732147217	0.05835409462451935

0.861931324005127	0.9274749755859375	0.49148380756378174	0.05542836710810661

0.8669321537017822	0.929931640625	0.48842185735702515	0.040004629641771317

0.8719398975372314	0.9326019287109375	0.5253638029098511	0.05622133985161781

0.8769412040710449	0.9353790283203125	0.5590053200721741	0.04767846688628197

0.8819420337677002	0.93817138671875	0.5451207160949707	0.02494615688920021

0.8869438171386719	0.9411163330078125	0.5768406391143799	0.03651493042707443

0.8919456005096436	0.9441375732421875	0.6106059551239014	0.039791639894247055

0.896946907043457	0.9470062255859375	0.5888210535049438	0.04042591154575348

0.9019486904144287	0.9496002197265625	0.5314950942993164	0.04736815765500069

0.9069499969482422	0.9521942138671875	0.5136473774909973	0.04448561370372772

0.9119508266448975	0.9544830322265625	0.45210129022598267	0.028861576691269875

0.9169516563415527	0.9561004638671875	0.33238962292671204	0.04411081597208977

0.9219536781311035	0.9572906494140625	0.24582397937774658	0.06169078126549721

0.9269542694091797	0.958038330078125	0.17900696396827698	0.048879411071538925

0.9319560527801514	0.9585113525390625	0.10486240684986115	0.05836329609155655

0.9369580745697021	0.9585418701171875	0.021441970020532608	0.05480814352631569

0.9419593811035156	0.958465576171875	-0.007497988175600767	0.06234530732035637

0.94696044921875	0.958526611328125	0.008710144087672234	0.07047520577907562

0.9519636631011963	0.958526611328125	0.007977546192705631	0.062300004065036774

0.956965446472168	0.95849609375	-0.007236015517264605	0.07686153054237366

0.9619669914245605	0.958465576171875	-0.02198522724211216	0.06470224261283875

0.9669680595397949	0.9585113525390625	-0.002429420128464699	0.07224526256322861

0.9719703197479248	0.9585113525390625	-0.005913573317229748	0.059448160231113434

0.976970911026001	0.958526611328125	0.0018014450324699283	0.06407276540994644

0.9819719791412354	0.9585418701171875	-0.0028655296191573143	0.06227891519665718

0.9869790077209473	0.9585723876953125	0.006477829534560442	0.07614345848560333

0.9919800758361816	0.95855712890625	0.0017433982575312257	0.06659721583127975

0.9969813823699951	0.9585723876953125	-0.003047503996640444	0.06688337028026581

1.001988410949707	0.958526611328125	-0.012223015539348125	0.07332275807857513

1.0069901943206787	0.958587646484375	0.005511495750397444	0.0722922533750534

1.0119915008544922	0.958526611328125	-0.01219007559120655	0.07332586497068405

1.0169923305511475	0.95855712890625	0.009671758860349655	0.068687304854393

1.02199387550354	0.9585418701171875	-0.0030239822808653116	0.07794922590255737

1.0269954204559326	0.958587646484375	0.014977214857935905	0.05094977840781212

1.0319969654083252	0.9584808349609375	-0.01942506991326809	0.07222253829240799

1.0369994640350342	0.95855712890625	0.0005244862986728549	0.06017851084470749

1.0420010089874268	0.9586181640625	0.01621493510901928	0.07511881738901138

1.0470025539398193	0.958587646484375	0.004493377171456814	0.060205865651369095

1.0520050525665283	0.9585723876953125	0.010448281653225422	0.06867805868387222

1.0570075511932373	0.95849609375	-0.007775675971060991	0.0676112249493599

1.0620090961456299	0.9585418701171875	-0.006294798571616411	0.06406454741954803

1.067009687423706	0.9585113525390625	-0.0103578120470047	0.062309958040714264

1.0720112323760986	0.9585113525390625	0.00019191436877008528	0.06407603621482849

1.077012538909912	0.958526611328125	3.6612847907235846e-05	0.05837579816579819

1.0820190906524658	0.958526611328125	-0.0008716864394955337	0.05303265526890755

1.087022066116333	0.95849609375	-0.007763126399368048	0.06298191100358963

1.0920236110687256	0.9585418701171875	0.00290267844684422	0.051966045051813126

1.0970251560211182	0.9584808349609375	-0.008420430123806	0.04910634830594063

1.1020357608795166	0.958526611328125	0.002643832005560398	0.04521207883954048

1.1070282459259033	0.958526611328125	-0.0030741961672902107	0.04626619443297386

1.1120295524597168	0.958526611328125	0.001374723855406046	0.05127149447798729

1.1170306205749512	0.9584808349609375	-0.007816472090780735	0.03985729068517685

1.1220324039459229	0.958526611328125	0.007544542662799358	0.03345937281847

1.1270334720611572	0.95849609375	-0.0026663292665034533	0.05197226256132126

1.1320345401763916	0.9584808349609375	0.0009590086410753429	0.03412197157740593

1.1370368003845215	0.958465576171875	-0.006070483010262251	0.02886485867202282

1.1420388221740723	0.95849609375	0.0006562373600900173	0.03634101524949074

1.1470401287078857	0.95843505859375	-0.010677848942577839	0.03060905635356903

1.1520426273345947	0.958465576171875	-0.0027432043571025133	0.023113831877708435

1.1570441722869873	0.958526611328125	0.02137761004269123	0.02313428558409214

1.1620457172393799	0.95849609375	0.009293672628700733	0.012110976502299309

1.167046070098877	0.9585113525390625	0.01960180513560772	0.010341928340494633

1.1720483303070068	0.9583892822265625	-0.011761844158172607	0.007527253590524197

1.177049160003662	0.9583740234375	-0.01799127832055092	0.013842958025634289

1.1820502281188965	0.958465576171875	0.018892738968133926	0.007496796548366547

1.1870524883270264	0.9583282470703125	-0.016151152551174164	-0.0029387776739895344

1.1920619010925293	0.958343505859375	-0.006007734220474958	-0.004612526390701532

1.1970632076263428	0.9583282470703125	-0.007923156954348087	-0.00754911731928587

1.2020657062530518	0.9582977294921875	-0.016675109043717384	-0.010866811498999596

1.2070667743682861	0.9582672119140625	-0.01297290064394474	-0.01053506787866354

1.2120683193206787	0.9582977294921875	0.0020084825810045004	-0.01972978562116623

1.2170686721801758	0.9582672119140625	-0.006741904187947512	-0.019746536388993263

1.2220704555511475	0.958282470703125	0.00506907794624567	-0.03519928455352783

1.2270712852478027	0.9582061767578125	-0.01586093008518219	-0.03679303452372551

1.2320725917816162	0.9581146240234375	-0.023671645671129227	-0.03663794696331024

1.237074613571167	0.9581146240234375	-0.004591165576130152	-0.03509693220257759

1.2420759201049805	0.957855224609375	-0.040331579744815826	-0.042769044637680054

1.2470767498016357	0.9576263427734375	-0.050096940249204636	-0.05374317243695259

1.2520787715911865	0.9571990966796875	-0.07127012312412262	-0.051754456013441086

1.2570810317993164	0.9568634033203125	-0.06827385723590851	-0.04668298363685608

1.262082576751709	0.9562530517578125	-0.10269346088171005	-0.052511390298604965

1.2670834064483643	0.9554901123046875	-0.1411619782447815	-0.06065871939063072

1.2720847129821777	0.95465087890625	-0.16041351854801178	-0.061381734907627106

1.2770860195159912	0.953460693359375	-0.2289215326309204	-0.055972032248973846

1.2820866107940674	0.9522247314453125	-0.25204139947891235	-0.05946975201368332

1.2870903015136719	0.9509735107421875	-0.2480928897857666	-0.06051386892795563

1.2920923233032227	0.9497222900390625	-0.2568088173866272	-0.06558481603860855

1.2970941066741943	0.9486083984375	-0.22808538377285004	-0.08103829622268677

1.302095890045166	0.94757080078125	-0.22186225652694702	-0.0722067728638649

1.3070993423461914	0.9463348388671875	-0.24444419145584106	-0.08482002466917038

1.3121013641357422	0.9451141357421875	-0.25406840443611145	-0.07958395779132843

1.3171021938323975	0.9434967041015625	-0.30926114320755005	-0.0924667939543724

1.3221054077148438	0.9416656494140625	-0.35589155554771423	-0.09182724356651306

1.327106237411499	0.9398040771484375	-0.3784859776496887	-0.0913907065987587

1.332108497619629	0.937744140625	-0.41194698214530945	-0.0796152651309967

1.3371119499206543	0.9350738525390625	-0.5133513808250427	-0.08563103526830673

1.3421213626861572	0.9321441650390625	-0.5832701325416565	-0.0794873908162117

1.3471226692199707	0.9292144775390625	-0.5930658578872681	-0.09952078014612198

1.352126121520996	0.9258270263671875	-0.6609280109405518	-0.08126404136419296

1.3571293354034424	0.921966552734375	-0.748660683631897	-0.08066990971565247

1.3637804985046387	0.91693115234375	-0.7856449484825134	-0.0740436390042305

1.368783950805664	0.912933349609375	-0.7785953283309937	-0.0796932578086853

1.3737869262695312	0.908905029296875	-0.8044024705886841	-0.07631347328424454

1.3787903785705566	0.90447998046875	-0.8783747553825378	-0.06532318145036697

1.3837940692901611	0.89996337890625	-0.8921858072280884	-0.06919767707586288

1.3887970447540283	0.895111083984375	-0.9652271270751953	-0.0751236230134964

1.3938000202178955	0.890380859375	-0.957471489906311	-0.07398474961519241

1.3989715576171875	0.8851318359375	-1.0049853324890137	-0.07166150957345963

1.403975248336792	0.8797454833984375	-1.07270085811615	-0.06103603169322014

1.4089772701263428	0.8743133544921875	-1.079123616218567	-0.0730915293097496

1.414731502532959	0.868408203125	-1.0349572896957397	-0.0936594158411026

1.4197425842285156	0.86358642578125	-0.952538788318634	-0.06138577684760094

1.424746036529541	0.858978271484375	-0.9381883144378662	-0.0812191292643547

1.4297490119934082	0.85400390625	-0.9756055474281311	-0.05736200883984566

1.4347519874572754	0.849151611328125	-0.9825356602668762	-0.07511746883392334

1.4397728443145752	0.84429931640625	-0.9642775654792786	-0.07797116041183472

1.444777011871338	0.8392181396484375	-1.0142573118209839	-0.06875823438167572

1.4497792720794678	0.834197998046875	-1.015008807182312	-0.0775720477104187

1.4547827243804932	0.8290252685546875	-1.024091362953186	-0.0732775330543518

1.4597842693328857	0.8238677978515625	-1.03276789188385	-0.07000377774238586

1.4647862911224365	0.8187408447265625	-1.0160584449768066	-0.0770983174443245

1.4697904586791992	0.8138275146484375	-0.9759487509727478	-0.06852646917104721

1.47479248046875	0.809173583984375	-0.9614331126213074	-0.08604920655488968

1.4797937870025635	0.804046630859375	-1.0351508855819702	-0.04579167068004608

1.4847955703735352	0.79876708984375	-1.0458953380584717	-0.06172989681363106

1.4897980690002441	0.7937164306640625	-1.0136638879776	-0.06859824061393738

1.494800090789795	0.78887939453125	-0.9781348705291748	-0.07694900780916214

1.4998016357421875	0.78369140625	-1.032542109489441	-0.07048502564430237

1.5048058032989502	0.7779083251953125	-1.1393018960952759	-0.07016114890575409

1.5098071098327637	0.7718048095703125	-1.229963779449463	-0.056121181696653366

1.5148088932037354	0.7655487060546875	-1.2565045356750488	-0.05047733709216118

1.519812822341919	0.7590789794921875	-1.257938265800476	-0.06778594106435776

1.5248165130615234	0.7530059814453125	-1.2315330505371094	-0.03744828701019287

1.5298173427581787	0.7469940185546875	-1.2377055883407593	-0.04438541829586029

1.534820795059204	0.740692138671875	-1.2374329566955566	-0.04988247901201248

1.539823293685913	0.734405517578125	-1.2560176849365234	-0.06739026308059692

1.5448250770568848	0.7281036376953125	-1.2674195766448975	-0.05723465234041214

1.5498270988464355	0.7218475341796875	-1.239952564239502	-0.044787026941776276

1.55483078956604	0.71575927734375	-1.1820884943008423	-0.06255222856998444

1.55983304977417	0.710601806640625	-1.0739655494689941	-0.0656931921839714

1.5648353099822998	0.705535888671875	-1.0198558568954468	-0.053695615381002426

1.5698390007019043	0.7003326416015625	-1.023922324180603	-0.07242175936698914

1.5748412609100342	0.6951141357421875	-1.0431625843048096	-0.06382668763399124

1.5798428058624268	0.6897735595703125	-1.0592093467712402	-0.060327064245939255

1.5848448276519775	0.684112548828125	-1.1115422248840332	-0.06527566909790039

1.589848279953003	0.6781463623046875	-1.158102035522461	-0.06584309041500092

1.5948498249053955	0.6724853515625	-1.1635255813598633	-0.061256829649209976

1.5998599529266357	0.666656494140625	-1.1533080339431763	-0.05785724148154259

1.6048619747161865	0.66070556640625	-1.1615732908248901	-0.06400766968727112

1.609863042831421	0.654815673828125	-1.1871044635772705	-0.06948352605104446

1.6148648262023926	0.648773193359375	-1.1889464855194092	-0.0734504833817482

1.6198675632476807	0.6427764892578125	-1.1681687831878662	-0.07863637804985046

1.6248700618743896	0.63714599609375	-1.1330963373184204	-0.06833304464817047

1.6298713684082031	0.631439208984375	-1.1493184566497803	-0.07508576661348343

1.6348750591278076	0.625244140625	-1.2142713069915771	-0.07958663254976273

1.6398780345916748	0.6188201904296875	-1.2631237506866455	-0.050468362867832184

1.6448795795440674	0.612335205078125	-1.301943063735962	-0.06484788656234741

1.6498816013336182	0.605743408203125	-1.3106576204299927	-0.056562457233667374

1.6548845767974854	0.5991058349609375	-1.3390682935714722	-0.07231975346803665

1.6598865985870361	0.5928192138671875	-1.2614986896514893	-0.06717372685670853

1.6648881435394287	0.5865478515625	-1.263758659362793	-0.06403498351573944

1.6698932647705078	0.580108642578125	-1.2688453197479248	-0.060975152999162674

1.6748950481414795	0.57342529296875	-1.3471013307571411	-0.07548893988132477

1.6798973083496094	0.5665435791015625	-1.3609027862548828	-0.06532485038042068

1.6849029064178467	0.560150146484375	-1.2710713148117065	-0.07543634623289108

1.6899056434631348	0.5538330078125	-1.2764087915420532	-0.05655599758028984

1.6949074268341064	0.547119140625	-1.360483169555664	-0.06387859582901001

1.6999096870422363	0.5398101806640625	-1.4413819313049316	-0.061590272933244705

1.7049126625061035	0.532440185546875	-1.4644125699996948	-0.07235357910394669

1.709913730621338	0.5251617431640625	-1.4914923906326294	-0.0676538348197937

1.7149155139923096	0.5177764892578125	-1.450769305229187	-0.060937926173210144

1.7199194431304932	0.5105133056640625	-1.4238393306732178	-0.0581071712076664

1.724921464920044	0.5033416748046875	-1.4600121974945068	-0.0402989499270916

1.7299222946166992	0.495758056640625	-1.5123857259750366	-0.03972195088863373

1.7349262237548828	0.4881439208984375	-1.493840217590332	-0.0696878433227539

1.7399365901947021	0.4804840087890625	-1.4134886264801025	-0.06726399809122086

1.7449381351470947	0.4743194580078125	-1.355370044708252	-0.0677826851606369

1.7499420642852783	0.4674835205078125	-1.373456358909607	-0.07637592405080795

1.7549448013305664	0.46087646484375	-1.3192288875579834	-0.06185430660843849

1.7599458694458008	0.4548187255859375	-1.2471199035644531	-0.0703556016087532

1.7649476528167725	0.448394775390625	-1.2700124979019165	-0.08598541468381882

1.7699499130249023	0.442169189453125	-1.2444044351577759	-0.07475925236940384

1.7749524116516113	0.4358062744140625	-1.27226984500885	-0.0686577707529068

1.779953956604004	0.4291839599609375	-1.3331291675567627	-0.05383271351456642

1.7849571704864502	0.4219818115234375	-1.413948655128479	-0.07171349972486496

1.789961338043213	0.4146881103515625	-1.445346474647522	-0.10507360100746155

1.7949628829956055	0.4080047607421875	-1.3557385206222534	-0.08346758037805557

1.7999639511108398	0.4018707275390625	-1.260543942451477	-0.061645980924367905

1.8049678802490234	0.3956451416015625	-1.2404890060424805	-0.08331997692584991

1.809969425201416	0.389404296875	-1.2588109970092773	-0.09305650740861893

1.814971685409546	0.3829193115234375	-1.303307056427002	-0.09230264276266098

1.8199763298034668	0.37579345703125	-1.4000818729400635	-0.0716516450047493

1.8249781131744385	0.3681182861328125	-1.5251820087432861	-0.06900453567504883

1.829979658126831	0.3604583740234375	-1.5282247066497803	-0.06319930404424667

1.8349804878234863	0.352630615234375	-1.5842270851135254	-0.03979732096195221

1.8399837017059326	0.3439788818359375	-1.6772058010101318	-0.06959952414035797

1.8449854850769043	0.33587646484375	-1.659879207611084	-0.07666473835706711

1.8499865531921387	0.3276824951171875	-1.648628830909729	-0.06079799309372902

1.8549902439117432	0.3190765380859375	-1.6870557069778442	-0.05234450474381447

1.8599920272827148	0.310821533203125	-1.6902540922164917	-0.06760719418525696

1.8649935722351074	0.302337646484375	-1.6959009170532227	-0.0401732362806797

1.869997262954712	0.293426513671875	-1.776284098625183	-0.0395875982940197

1.8749995231628418	0.284210205078125	-1.819136142730713	-0.05310698226094246

1.8800013065338135	0.27520751953125	-1.8308669328689575	-0.051975689828395844

1.8850033283233643	0.2657470703125	-1.8624157905578613	-0.07244744151830673

1.8900082111358643	0.2568511962890625	-1.7621750831604004	-0.06387889385223389

1.8950097560882568	0.2490234375	-1.601786494255066	-0.07931765168905258

1.9000110626220703	0.241363525390625	-1.533567190170288	-0.0678069218993187

1.9050135612487793	0.2339935302734375	-1.4752554893493652	-0.0733012780547142

1.9100146293640137	0.2269134521484375	-1.458877444267273	-0.06258740276098251

1.9150166511535645	0.2192840576171875	-1.505730152130127	-0.052413780242204666

1.9200208187103271	0.2116851806640625	-1.4961309432983398	-0.0617014616727829

1.9250431060791016	0.204437255859375	-1.4849597215652466	-0.058715637773275375

1.9300448894500732	0.1970977783203125	-1.4757908582687378	-0.058267369866371155

1.9350485801696777	0.190155029296875	-1.4008983373641968	-0.07097049802541733

1.9400503635406494	0.1836700439453125	-1.3224222660064697	-0.09412477165460587

1.9450523853302002	0.1775054931640625	-1.2352112531661987	-0.09279981255531311

1.9500539302825928	0.1715087890625	-1.2146339416503906	-0.08299259096384048

1.95505690574646	0.1659088134765625	-1.1232097148895264	-0.12050458043813705

1.9600586891174316	0.1605987548828125	-1.0784212350845337	-0.0883806124329567

1.9650602340698242	0.15521240234375	-1.090437412261963	-0.08382345736026764

1.9700632095336914	0.1493072509765625	-1.1648482084274292	-0.10033124685287476

1.9750652313232422	0.1431427001953125	-1.23183012008667	-0.10696069151163101

1.9800667762756348	0.1365966796875	-1.323391079902649	-0.09314893186092377

1.9850687980651855	0.129364013671875	-1.4270941019058228	-0.08849319070577621

1.9900720119476318	0.121368408203125	-1.5544968843460083	-0.06964177638292313

1.9950735569000244	0.113616943359375	-1.5621939897537231	-0.08411502838134766

2.000074863433838	0.1060638427734375	-1.5196654796600342	-0.08700011670589447

2.0050785541534424	0.09814453125	-1.546902060508728	-0.08745560050010681

2.0100808143615723	0.090301513671875	-1.5885095596313477	-0.08802501857280731

2.0150821208953857	0.082122802734375	-1.6303822994232178	-0.08238234370946884

2.020085573196411	0.072906494140625	-1.7710700035095215	-0.09515336155891418

2.025087594985962	0.063873291015625	-1.8103793859481812	-0.07231155782938004

2.0300889015197754	0.0550384521484375	-1.7895110845565796	-0.06469709426164627

2.0350918769836426	0.045745849609375	-1.8176153898239136	-0.059772789478302

2.040095567703247	0.0367889404296875	-1.7877388000488281	-0.06464900076389313

2.0450966358184814	0.0281219482421875	-1.765217900276184	-0.07180184870958328

2.0500974655151367	0.0194091796875	-1.7516396045684814	-0.07032826542854309

2.055100202560425	0.01068115234375	-1.7148983478546143	-0.0663556456565857

2.060101270675659	0.00244140625	-1.6725234985351562	-0.06446496397256851

2.065103054046631	-0.0059814453125	-1.6625087261199951	-0.07158293575048447

2.0701067447662354	-0.0143280029296875	-1.6457513570785522	-0.0812925323843956

2.075108766555786	-0.0228271484375	-1.706152319908142	-0.06498464941978455

2.0801103115081787	-0.031402587890625	-1.7342405319213867	-0.08502800017595291

2.085113525390625	-0.039886474609375	-1.6709327697753906	-0.07246863096952438

2.0901153087615967	-0.0476531982421875	-1.5823131799697876	-0.0663662701845169

2.0951168537139893	-0.054931640625	-1.4873329401016235	-0.07402560114860535

2.1001179218292236	-0.06182861328125	-1.3886157274246216	-0.08824549615383148

2.10512113571167	-0.0687255859375	-1.364615559577942	-0.07196227461099625

2.1101229190826416	-0.0753326416015625	-1.331650972366333	-0.09900493919849396

2.115124464035034	-0.0815887451171875	-1.249119758605957	-0.09577672928571701

2.120126724243164	-0.0875701904296875	-1.188987135887146	-0.09683153033256531

2.125128984451294	-0.0933380126953125	-1.1671817302703857	-0.08650711178779602

2.1301310062408447	-0.0994720458984375	-1.2289707660675049	-0.10498923063278198

2.1351335048675537	-0.1061553955078125	-1.2996433973312378	-0.11035502701997757

2.140136480331421	-0.1127777099609375	-1.3415729999542236	-0.0848841741681099

2.1451385021209717	-0.1199951171875	-1.4312934875488281	-0.10223706811666489

2.1501388549804688	-0.1275482177734375	-1.5171864032745361	-0.07769636064767838

2.155142068862915	-0.1354827880859375	-1.5401321649551392	-0.07165955752134323

2.1601428985595703	-0.1430206298828125	-1.5349160432815552	-0.08219067752361298

2.1651451587677	-0.1511077880859375	-1.5939849615097046	-0.07850421220064163

2.1701486110687256	-0.1593170166015625	-1.611339807510376	-0.09971676766872406

2.1751511096954346	-0.167449951171875	-1.6412534713745117	-0.07302814722061157

2.1801533699035645	-0.1761474609375	-1.7405012845993042	-0.06891343742609024

2.1851563453674316	-0.185272216796875	-1.7776155471801758	-0.059573814272880554

2.1901607513427734	-0.1938018798828125	-1.7476718425750732	-0.0713404044508934

2.195162296295166	-0.20294189453125	-1.8257449865341187	-0.04844348505139351

2.2001688480377197	-0.212158203125	-1.862746238708496	-0.060536663979291916

2.2051713466644287	-0.221588134765625	-1.8577280044555664	-0.05839031562209129

2.210172176361084	-0.230865478515625	-1.8703374862670898	-0.06581714749336243

2.215179681777954	-0.239990234375	-1.8132528066635132	-0.061125949025154114

2.220183849334717	-0.24884033203125	-1.7336231470108032	-0.060662660747766495

2.2251853942871094	-0.257293701171875	-1.713378667831421	-0.06306878477334976

2.230187177658081	-0.265625	-1.663045883178711	-0.06982249766588211

2.2351901531219482	-0.27392578125	-1.6547894477844238	-0.07951582223176956

2.240192413330078	-0.2820892333984375	-1.648755431175232	-0.06731339544057846

2.2451939582824707	-0.289764404296875	-1.5501900911331177	-0.06874223053455353

2.250195264816284	-0.2967376708984375	-1.425653338432312	-0.07326366007328033

2.255197763442993	-0.3032379150390625	-1.2913451194763184	-0.07239235937595367

2.2601983547210693	-0.3093719482421875	-1.2590888738632202	-0.08090154081583023

2.265200614929199	-0.3152008056640625	-1.17447829246521	-0.09331650286912918

2.2702038288116455	-0.321533203125	-1.2127208709716797	-0.08759000152349472

2.2752060890197754	-0.3272705078125	-1.1938847303390503	-0.09988000988960266

2.2802083492279053	-0.332855224609375	-1.1233078241348267	-0.11463789641857147

2.2852108478546143	-0.338592529296875	-1.1248714923858643	-0.0745323896408081

2.2902143001556396	-0.3441925048828125	-1.1381585597991943	-0.08165992796421051

2.2952163219451904	-0.3503265380859375	-1.202795147895813	-0.08643084019422531

2.300218105316162	-0.3567962646484375	-1.2753322124481201	-0.09178558737039566

2.3052220344543457	-0.3636016845703125	-1.3276103734970093	-0.07271582633256912

2.31022310256958	-0.370391845703125	-1.38551926612854	-0.07638949900865555

2.315225124359131	-0.3777313232421875	-1.4461392164230347	-0.08730822801589966

2.320228099822998	-0.3851318359375	-1.4609074592590332	-0.0809689611196518

2.3252310752868652	-0.392547607421875	-1.4887839555740356	-0.07609777897596359

2.330232858657837	-0.40020751953125	-1.5335395336151123	-0.07021310925483704

2.3352346420288086	-0.40814208984375	-1.5471383333206177	-0.0673094317317009

2.3402364253997803	-0.415679931640625	-1.5136877298355103	-0.08468962460756302

2.3452377319335938	-0.4232635498046875	-1.5248899459838867	-0.07083114981651306

2.3502395153045654	-0.4309844970703125	-1.5571664571762085	-0.06358377635478973

2.355242967605591	-0.438140869140625	-1.420754313468933	-0.06940688192844391

2.3602452278137207	-0.4447174072265625	-1.341064691543579	-0.075718954205513

2.365248441696167	-0.45159912109375	-1.377321481704712	-0.07226666808128357

2.3702518939971924	-0.4590911865234375	-1.4678699970245361	-0.06308792531490326

2.3752548694610596	-0.4662322998046875	-1.4480178356170654	-0.07958731055259705

2.380256175994873	-0.47369384765625	-1.4827232360839844	-0.05721721053123474

2.3852577209472656	-0.4814910888671875	-1.5591800212860107	-0.053793489933013916

2.3902602195739746	-0.4890289306640625	-1.4967728853225708	-0.05880550667643547

2.3952622413635254	-0.49591064453125	-1.3993682861328125	-0.06322338432073593

2.400263547897339	-0.502655029296875	-1.360885500907898	-0.06688929349184036

2.4052658081054688	-0.5095672607421875	-1.3661679029464722	-0.08470144867897034

2.4102678298950195	-0.51617431640625	-1.3131781816482544	-0.08173015713691711

2.4152698516845703	-0.522125244140625	-1.220194935798645	-0.07669640332460403

2.420274496078491	-0.528167724609375	-1.1930068731307983	-0.0791577696800232

2.425276279449463	-0.533843994140625	-1.168360710144043	-0.11165960878133774

2.4302780628204346	-0.539337158203125	-1.1060748100280762	-0.07831007987260818

2.4352805614471436	-0.5448455810546875	-1.0986443758010864	-0.07689016312360764

2.44028377532959	-0.5505218505859375	-1.142956018447876	-0.06711909174919128

2.4452850818634033	-0.556427001953125	-1.1882580518722534	-0.07523864507675171

2.450287103652954	-0.5628204345703125	-1.275854468345642	-0.06620987504720688

2.4552905559539795	-0.5695648193359375	-1.320811152458191	-0.07336530089378357

2.4602925777435303	-0.57623291015625	-1.3532116413116455	-0.07272793352603912

2.465294361114502	-0.5830078125	-1.3666226863861084	-0.09144163876771927

2.4702985286712646	-0.5897979736328125	-1.3295879364013672	-0.06286466866731644

2.4753003120422363	-0.5962677001953125	-1.3188676834106445	-0.0638934001326561

2.480302333831787	-0.6024017333984375	-1.2565765380859375	-0.07092736661434174

2.485304832458496	-0.6085052490234375	-1.2059413194656372	-0.08713047206401825

2.4903082847595215	-0.6145477294921875	-1.2044023275375366	-0.07241632789373398

2.495309829711914	-0.62060546875	-1.2296878099441528	-0.05275481939315796

2.5003113746643066	-0.6272125244140625	-1.317877173423767	-0.06373459100723267

2.505315065383911	-0.6340789794921875	-1.3449281454086304	-0.06777171790599823

2.510317325592041	-0.64068603515625	-1.3271056413650513	-0.05977547913789749

2.515319347381592	-0.64752197265625	-1.3748265504837036	-0.03158652409911156

2.5203232765197754	-0.6544189453125	-1.355634331703186	-0.05609562247991562

2.5253255367279053	-0.6610565185546875	-1.3219424486160278	-0.06142396479845047

2.530327558517456	-0.667236328125	-1.257997989654541	-0.06230180710554123

2.5353291034698486	-0.673309326171875	-1.225253939628601	-0.05258256942033768

2.540332794189453	-0.6793975830078125	-1.2054997682571411	-0.04389665648341179

2.5453343391418457	-0.68487548828125	-1.0980197191238403	-0.11651388555765152

2.5503358840942383	-0.689910888671875	-1.0133378505706787	-0.0766802653670311

2.5553393363952637	-0.6945953369140625	-0.9429367184638977	-0.06457728892564774

2.560340642929077	-0.6995849609375	-1.0051524639129639	-0.05524164065718651

2.5653419494628906	-0.7047119140625	-1.034446358680725	-0.05592172592878342

2.570345640182495	-0.7097320556640625	-0.9940690994262695	-0.06277061998844147

2.575348138809204	-0.7140655517578125	-0.8920562267303467	-0.06839030236005783

2.580349922180176	-0.718475341796875	-0.8866238594055176	-0.069784015417099

2.5853514671325684	-0.72314453125	-0.9254654049873352	-0.06169183924794197

2.5903537273406982	-0.7284393310546875	-1.0358129739761353	-0.06717348843812943

2.5953547954559326	-0.7338104248046875	-1.0707582235336304	-0.06998173892498016

2.600355386734009	-0.7389373779296875	-1.023969054222107	-0.06569211184978485

2.605358362197876	-0.7436676025390625	-0.9412090182304382	-0.06778936088085175

2.6103594303131104	-0.748138427734375	-0.8979073762893677	-0.05916847288608551

2.6153664588928223	-0.7521514892578125	-0.8273723721504211	-0.06876552104949951

2.6203699111938477	-0.756072998046875	-0.7669997215270996	-0.07039051502943039

2.6253716945648193	-0.7594146728515625	-0.6980025172233582	-0.0814371109008789

2.63037371635437	-0.762603759765625	-0.6501674652099609	-0.09710131585597992

2.635376453399658	-0.765533447265625	-0.5870760083198547	-0.10348819196224213

2.6403796672821045	-0.7684173583984375	-0.5867431163787842	-0.08064792305231094

2.645381450653076	-0.77142333984375	-0.6077953577041626	-0.0763464868068695

2.6503827571868896	-0.774810791015625	-0.6697493195533752	-0.09360834956169128

2.6553852558135986	-0.7786712646484375	-0.734597384929657	-0.07810744643211365

2.660386323928833	-0.7823486328125	-0.7340875267982483	-0.09476426988840103

2.665388345718384	-0.7856597900390625	-0.6634005904197693	-0.11461598426103592

2.6703925132751465	-0.78875732421875	-0.6073984503746033	-0.1050863042473793

2.6753945350646973	-0.7917633056640625	-0.6149470806121826	-0.09832106530666351

2.6803958415985107	-0.795074462890625	-0.6653537154197693	-0.09002871066331863

2.6853981018066406	-0.7990264892578125	-0.7829142212867737	-0.09038491547107697

2.6904003620147705	-0.8036346435546875	-0.9009389877319336	-0.07603979855775833

2.695401668548584	-0.808837890625	-1.0257457494735718	-0.06760364025831223

2.7004032135009766	-0.814544677734375	-1.1244786977767944	-0.06358994543552399

2.705406904220581	-0.8202362060546875	-1.1265805959701538	-0.059780389070510864

2.7104084491729736	-0.8255462646484375	-1.088374376296997	-0.07935485243797302

2.7154104709625244	-0.8306121826171875	-1.0065110921859741	-0.07404902577400208

2.7204134464263916	-0.8351287841796875	-0.8935134410858154	-0.0701286792755127

2.7254154682159424	-0.8389129638671875	-0.7818776369094849	-0.07544127851724625

2.730417490005493	-0.8424530029296875	-0.730457603931427	-0.08091266453266144

2.7354207038879395	-0.8459930419921875	-0.7113831639289856	-0.0766797736287117

2.7404227256774902	-0.8492431640625	-0.6564098596572876	-0.0844147726893425

2.745424270629883	-0.8524932861328125	-0.6434163451194763	-0.07753680646419525

2.7504305839538574	-0.855499267578125	-0.5969207286834717	-0.08719681203365326

2.7554333209991455	-0.8582000732421875	-0.5328869819641113	-0.09346238523721695

2.760434627532959	-0.860565185546875	-0.49069592356681824	-0.09526028484106064

2.7654366493225098	-0.8631439208984375	-0.513756513595581	-0.08980688452720642

2.770440101623535	-0.865814208984375	-0.5070154070854187	-0.09009651094675064

2.775442361831665	-0.8686370849609375	-0.565144956111908	-0.0808897316455841

2.7804441452026367	-0.8719329833984375	-0.6494154930114746	-0.08201470226049423

2.7854459285736084	-0.8756103515625	-0.7286475300788879	-0.07610989362001419

2.790447950363159	-0.87945556640625	-0.7608173489570618	-0.052289389073848724

2.7954492568969727	-0.8833770751953125	-0.7967177629470825	-0.0649917870759964

2.8004515171051025	-0.887481689453125	-0.8110274076461792	-0.06493484973907471

2.805454969406128	-0.8915557861328125	-0.8063133955001831	-0.07864069938659668

2.8104565143585205	-0.895416259765625	-0.7728237509727478	-0.04040539637207985

2.815458297729492	-0.8989105224609375	-0.7079581618309021	-0.06314223259687424

2.820462703704834	-0.9021148681640625	-0.6301207542419434	-0.0836155116558075

2.8254642486572266	-0.9044036865234375	-0.480506032705307	-0.09411714971065521

2.83046555519104	-0.9062347412109375	-0.3786954879760742	-0.08556649833917618

2.83546781539917	-0.9079437255859375	-0.34031957387924194	-0.08641786128282547

2.8404712677001953	-0.90948486328125	-0.3064664304256439	-0.0961139053106308

2.845473051071167	-0.910797119140625	-0.26959794759750366	-0.08569057285785675

2.8504738807678223	-0.9117889404296875	-0.21242399513721466	-0.09732422977685928

2.8554773330688477	-0.9125823974609375	-0.16974510252475739	-0.09781107306480408

2.860478639602661	-0.91326904296875	-0.14849038422107697	-0.09953193366527557

2.865480661392212	-0.914093017578125	-0.17082756757736206	-0.09768649935722351

2.870485544204712	-0.91510009765625	-0.20930539071559906	-0.09824765473604202

2.8754875659942627	-0.91644287109375	-0.27481091022491455	-0.09547386318445206

2.880488872528076	-0.918182373046875	-0.33878517150878906	-0.07059958577156067

2.8854918479919434	-0.9200592041015625	-0.36464089155197144	-0.08894801884889603

2.8904976844787598	-0.92218017578125	-0.41105329990386963	-0.08866614103317261

2.8954992294311523	-0.924591064453125	-0.4817168116569519	-0.08605795353651047

2.900500535964966	-0.927215576171875	-0.5178306102752686	-0.06669653952121735

2.9055042266845703	-0.92987060546875	-0.506777286529541	-0.0855206549167633

2.910505533218384	-0.931671142578125	-0.38438019156455994	-0.10485467314720154

2.9155070781707764	-0.9333038330078125	-0.3192245364189148	-0.0743536502122879

2.9205098152160645	-0.9346771240234375	-0.27971920371055603	-0.08648212254047394

2.925511360168457	-0.9356689453125	-0.22941312193870544	-0.08454297482967377

2.9305129051208496	-0.9365234375	-0.18613499402999878	-0.08064229041337967

2.9355154037475586	-0.9372711181640625	-0.1607983559370041	-0.07712563127279282

2.940519094467163	-0.9377593994140625	-0.1042393147945404	-0.09501414000988007

2.945521116256714	-0.9381866455078125	-0.08346769958734512	-0.11025647073984146

2.9505221843719482	-0.9385833740234375	-0.08855193853378296	-0.10989081859588623

2.9555258750915527	-0.9389190673828125	-0.07225282490253448	-0.11517933011054993

2.9605276584625244	-0.939239501953125	-0.0745777040719986	-0.09314573556184769

2.965529680252075	-0.93951416015625	-0.05971551686525345	-0.0917939692735672

2.97053861618042	-0.939910888671875	-0.08140791952610016	-0.09831894189119339

2.9755401611328125	-0.940185546875	-0.06973184645175934	-0.09572266787290573

2.980541944503784	-0.9406585693359375	-0.0891261175274849	-0.0909334197640419

2.985543727874756	-0.9412078857421875	-0.11103029549121857	-0.0932430848479271

2.9905474185943604	-0.9420318603515625	-0.15944287180900574	-0.09223150461912155

2.995549201965332	-0.9430084228515625	-0.19101205468177795	-0.07961627840995789

3.0005502700805664	-0.94427490234375	-0.24403057992458344	-0.061430685222148895

3.005553722381592	-0.945648193359375	-0.27529376745224	-0.07370040565729141

3.010554313659668	-0.947174072265625	-0.29228150844573975	-0.07439084351062775

3.0155560970306396	-0.9488525390625	-0.33100882172584534	-0.07435083389282227

3.0205609798431396	-0.9506072998046875	-0.3349006474018097	-0.06114191934466362

3.0255632400512695	-0.9522857666015625	-0.3241705298423767	-0.06370631605386734

3.030565023422241	-0.9540557861328125	-0.34580644965171814	-0.06203595921397209

3.0355679988861084	-0.95574951171875	-0.33115288615226746	-0.0489976592361927

3.0405712127685547	-0.957366943359375	-0.3178863227367401	-0.05368385091423988

3.0455727577209473	-0.958709716796875	-0.2809584140777588	-0.06118733063340187

3.050574541091919	-0.959869384765625	-0.2436210662126541	-0.050366949290037155

3.055577516555786	-0.9608154296875	-0.1787446141242981	-0.06526903063058853

3.060580015182495	-0.961700439453125	-0.17163200676441193	-0.060762692242860794

3.065581798553467	-0.96234130859375	-0.1315368413925171	-0.044015124440193176

3.070585250854492	-0.9628448486328125	-0.09250060468912125	-0.05812231823801994

3.075587272644043	-0.9631195068359375	-0.06311356276273727	-0.04681358113884926

3.0805888175964355	-0.963134765625	-0.0006199874333105981	-0.0538247786462307

3.08558988571167	-0.9631195068359375	0.020170414820313454	-0.041470471769571304

3.0905919075012207	-0.9631195068359375	0.012976214289665222	-0.05824596807360649

3.0955936908721924	-0.9631500244140625	0.004283874295651913	-0.047778572887182236

3.1005942821502686	-0.963134765625	-0.001495331060141325	-0.02470029890537262

3.1055972576141357	-0.9631195068359375	0.008991640992462635	-0.05123644322156906

3.110597848892212	-0.963165283203125	-0.013656134717166424	-0.030737945809960365

3.1155996322631836	-0.9630889892578125	0.011126684956252575	-0.04850190877914429

3.120603084564209	-0.9631500244140625	-0.00471907202154398	-0.03449343517422676

3.1256065368652344	-0.963104248046875	0.016998449340462685	-0.03885668143630028

3.130608081817627	-0.9631195068359375	0.004687044769525528	-0.029122890904545784

3.135611057281494	-0.9630584716796875	0.012952694669365883	-0.02117001637816429

3.1409854888916016	-0.9631195068359375	-0.0035770279355347157	-0.03354474902153015

3.1459877490997314	-0.963165283203125	-0.004366097040474415	-0.016779456287622452

3.1509897708892822	-0.963104248046875	0.012707974761724472	-0.016768401488661766

3.156090021133423	-0.96307373046875	0.017028270289301872	0.0017690315144136548

3.1623075008392334	-0.963134765625	0.0018460849532857537	-0.003502138424664736

3.1673099994659424	-0.9630889892578125	0.0068519096821546555	-0.0053139422088861465

3.1723132133483887	-0.9630584716796875	0.010306261479854584	0.008818312548100948

3.1773159503936768	-0.9631195068359375	-0.008926385082304478	-0.0009169108816422522

3.1823184490203857	-0.963043212890625	0.016488634049892426	0.003537289798259735

3.1873207092285156	-0.96307373046875	-0.00018070249643642455	-0.000883854110725224

3.192323923110962	-0.963104248046875	-0.010529623366892338	0.008837840519845486

3.1973259449005127	-0.963043212890625	0.00414742948487401	0.011476749554276466

3.202327013015747	-0.96307373046875	-0.008222021162509918	0.02470150962471962

3.2073299884796143	-0.9630584716796875	-0.01297527551651001	0.01322859339416027

3.212676763534546	-0.9630279541015625	-0.00022619769151788205	0.029105661436915398

3.217679023742676	-0.9630126953125	-0.012758796103298664	0.029958266764879227

3.222684860229492	-0.9629058837890625	0.022484321147203445	0.04142481088638306

3.227686882019043	-0.9628753662109375	0.006207161117345095	0.052986156195402145

3.2326881885528564	-0.9629058837890625	-0.005142610985785723	0.04580333083868027

3.2376914024353027	-0.9628143310546875	0.015465815551578999	0.05300285667181015

3.24269437789917	-0.96282958984375	-0.005511266179382801	0.06098004803061485

3.2476959228515625	-0.96270751953125	0.024773096665740013	0.04935448616743088

3.252699851989746	-0.9626312255859375	0.013492331840097904	0.05988709628582001

3.2577016353607178	-0.962554931640625	0.011933015659451485	0.07336556166410446

3.2627036571502686	-0.9624176025390625	0.018347566947340965	0.0643051341176033

3.2677042484283447	-0.962188720703125	0.03547026216983795	0.07328116148710251

3.27270770072937	-0.96185302734375	0.05662618577480316	0.07289210706949234

3.2777116298675537	-0.96142578125	0.0724656730890274	0.0808442011475563

3.2827136516571045	-0.960968017578125	0.08665172010660172	0.09813513606786728

3.287719488143921	-0.9604949951171875	0.10214293748140335	0.10603990405797958

3.292722225189209	-0.960052490234375	0.10272020101547241	0.10674726963043213

3.2977237701416016	-0.959625244140625	0.09489691257476807	0.1154937595129013

3.302741527557373	-0.959075927734375	0.11328397691249847	0.117762990295887

3.3077564239501953	-0.9584197998046875	0.1311565488576889	0.11423441767692566

3.312757730484009	-0.957550048828125	0.1844071000814438	0.09351329505443573

3.3177595138549805	-0.9563446044921875	0.2413269728422165	0.09362450987100601

3.3227615356445312	-0.9549102783203125	0.2909899055957794	0.11309882253408432

3.327763795852661	-0.953094482421875	0.34737318754196167	0.11710920929908752

3.3327651023864746	-0.95098876953125	0.41400983929634094	0.11134010553359985

3.337768077850342	-0.9483184814453125	0.5177139043807983	0.09010279178619385

3.3427698612213135	-0.9451751708984375	0.6142847537994385	0.09731414914131165

3.347771406173706	-0.9413604736328125	0.7397000789642334	0.08849884569644928

3.352780342102051	-0.9369049072265625	0.8613693714141846	0.08041337877511978

3.357781410217285	-0.93194580078125	0.978570818901062	0.07385683804750443

3.3627829551696777	-0.9264984130859375	1.0685704946517944	0.07730349153280258

3.367783784866333	-0.9211273193359375	1.0753674507141113	0.07946412265300751

3.3727867603302	-0.9156494140625	1.0802479982376099	0.09525677561759949

3.3777878284454346	-0.9104156494140625	1.0783401727676392	0.0626826360821724

3.38278865814209	-0.9046630859375	1.1415793895721436	0.05181826278567314

3.38779616355896	-0.898773193359375	1.1581772565841675	0.06606391072273254

3.3927979469299316	-0.892913818359375	1.1786830425262451	0.0702003613114357

3.3978044986724854	-0.8872528076171875	1.1364901065826416	0.06888682395219803

3.4028074741363525	-0.881744384765625	1.0732547044754028	0.061432402580976486

3.4078099727630615	-0.8768768310546875	0.9921387434005737	0.08413518965244293

3.4128122329711914	-0.872467041015625	0.9140549898147583	0.07504015415906906

3.417813301086426	-0.8685150146484375	0.8065545558929443	0.106861911714077

3.4228157997131348	-0.8646240234375	0.7848621010780334	0.08329464495182037

3.4278173446655273	-0.860626220703125	0.8023785948753357	0.11205225437879562

3.432819128036499	-0.8563690185546875	0.8518481850624084	0.07837698608636856

3.4378249645233154	-0.85186767578125	0.8910243511199951	0.080953449010849

3.442826986312866	-0.8473052978515625	0.9118573069572449	0.07037004083395004

3.447828531265259	-0.8427581787109375	0.917564332485199	0.0897296667098999

3.4528307914733887	-0.838104248046875	0.9259145259857178	0.06810934096574783

3.4578325748443604	-0.833282470703125	0.9608767032623291	0.07682892680168152

3.4628336429595947	-0.828277587890625	1.0109663009643555	0.07335937023162842

3.4678354263305664	-0.82281494140625	1.0782982110977173	0.0564880296587944

3.47283935546875	-0.817108154296875	1.1124790906906128	0.07465620338916779

3.4778406620025635	-0.81134033203125	1.162921667098999	0.09720178693532944

3.482841730117798	-0.805572509765625	1.1440503597259521	0.07107044756412506

3.487844944000244	-0.8002777099609375	1.0591555833816528	0.09304928034543991

3.492846965789795	-0.795379638671875	0.9917474985122681	0.07712122797966003

3.4978487491607666	-0.7906341552734375	0.9782642126083374	0.0794214978814125

3.5028514862060547	-0.785552978515625	1.017540693283081	0.08410850167274475

3.5078535079956055	-0.7799224853515625	1.1106526851654053	0.06506828218698502

3.5128555297851562	-0.7740478515625	1.1660943031311035	0.06412600725889206

3.5178580284118652	-0.768524169921875	1.1167583465576172	0.08902976661920547

3.522862195968628	-0.7625885009765625	1.17090904712677	0.05981611832976341

3.527863025665283	-0.75653076171875	1.2198783159255981	0.05639669671654701

3.532865047454834	-0.7499542236328125	1.2935250997543335	0.06143489107489586

3.5378687381744385	-0.7432403564453125	1.3129934072494507	0.06309885531663895

3.54287052154541	-0.7368621826171875	1.3025445938110352	0.06496086716651917

3.5478718280792236	-0.7303466796875	1.3088583946228027	0.05659792572259903

3.55287504196167	-0.723907470703125	1.2748184204101562	0.0684472993016243

3.557878017425537	-0.718353271484375	1.143241047859192	0.08437995612621307

3.5628795623779297	-0.7127227783203125	1.1279664039611816	0.05725744739174843

3.567880392074585	-0.706787109375	1.1980512142181396	0.04850170761346817

3.572882890701294	-0.7005767822265625	1.2117912769317627	0.07629596441984177

3.5778841972351074	-0.6949920654296875	1.1285088062286377	0.07852133363485336

3.582885503768921	-0.689697265625	1.0638692378997803	0.07622653245925903

3.5878894329071045	-0.6842498779296875	1.0832414627075195	0.05592824146151543

3.5928916931152344	-0.67840576171875	1.1766130924224854	0.05951996520161629

3.5978927612304688	-0.6724700927734375	1.1937246322631836	0.05220502242445946

3.6028971672058105	-0.666351318359375	1.201072096824646	0.06839080154895782

3.6078994274139404	-0.66021728515625	1.2452362775802612	0.06523765623569489

3.612900972366333	-0.6538238525390625	1.2776539325714111	0.06173566356301308

3.6179027557373047	-0.6474151611328125	1.2768679857254028	0.05752088129520416

3.6229045391082764	-0.641265869140625	1.2245506048202515	0.07793182134628296

3.627906084060669	-0.635833740234375	1.1116822957992554	0.07975392788648605

3.632906675338745	-0.630340576171875	1.1217862367630005	0.0683492049574852

3.6379098892211914	-0.624786376953125	1.1048121452331543	0.07745152711868286

3.642911434173584	-0.6197662353515625	1.0343365669250488	0.10695652663707733

3.6479127407073975	-0.6148529052734375	0.9832072257995605	0.09538430720567703

3.652916669845581	-0.609710693359375	1.0039722919464111	0.0724523589015007

3.6579184532165527	-0.604522705078125	1.0383803844451904	0.08566885441541672

3.6629204750061035	-0.5989990234375	1.0960707664489746	0.0829443410038948

3.6679210662841797	-0.593017578125	1.1933482885360718	0.07941557466983795

3.6729233264923096	-0.5861968994140625	1.3101767301559448	0.07958512008190155

3.6779253482818604	-0.5793914794921875	1.3719285726547241	0.08205404877662659

3.6829259395599365	-0.5722503662109375	1.426656723022461	0.07312853634357452

3.6879289150238037	-0.5648193359375	1.4608380794525146	0.07822057604789734

3.6929309368133545	-0.557647705078125	1.446845531463623	0.06811168044805527

3.6979317665100098	-0.5509033203125	1.377699613571167	0.09013640135526657

3.702935218811035	-0.5441741943359375	1.3114866018295288	0.09040773659944534

3.7079379558563232	-0.537689208984375	1.3159149885177612	0.07082486152648926

3.712940216064453	-0.53094482421875	1.3761546611785889	0.06557703763246536

3.7179412841796875	-0.5238800048828125	1.4205282926559448	0.06618227809667587

3.722944498062134	-0.5164031982421875	1.4578653573989868	0.08554720133543015

3.72794508934021	-0.5086822509765625	1.5548319816589355	0.07507506757974625

3.73294734954834	-0.5008392333984375	1.5607714653015137	0.08151287585496902

3.7379508018493652	-0.492919921875	1.549986481666565	0.08383326232433319

3.742952346801758	-0.4852447509765625	1.5669692754745483	0.0646887719631195

3.7479536533355713	-0.4772186279296875	1.5845060348510742	0.06530927121639252

3.7529566287994385	-0.4695281982421875	1.4946322441101074	0.09705439954996109

3.7579588890075684	-0.46295166015625	1.3968985080718994	0.0808321163058281

3.76296067237854	-0.455902099609375	1.4064759016036987	0.06902218610048294

3.7679617404937744	-0.4491424560546875	1.3458774089813232	0.0831083133816719

3.7729640007019043	-0.442901611328125	1.2408350706100464	0.09180771559476852

3.7779653072357178	-0.4365997314453125	1.2811471223831177	0.07337580621242523

3.7829694747924805	-0.4295196533203125	1.398343563079834	0.07274287939071655

3.7879798412323	-0.4220733642578125	1.44546377658844	0.07136736065149307

3.792982339859009	-0.4149017333984375	1.4524872303009033	0.08987950533628464

3.7979848384857178	-0.4074554443359375	1.4996440410614014	0.06537153571844101

3.802987575531006	-0.399810791015625	1.5044224262237549	0.08350994437932968

3.807990312576294	-0.3926849365234375	1.439712405204773	0.08362111449241638

3.812992811203003	-0.386016845703125	1.363706111907959	0.09364970773458481

3.817993640899658	-0.3793182373046875	1.3725237846374512	0.07679741084575653

3.8229968547821045	-0.372222900390625	1.3800650835037231	0.07604695856571198

3.8279988765716553	-0.3654022216796875	1.3889442682266235	0.09046340733766556

3.8329999446868896	-0.3582763671875	1.4347450733184814	0.08868672698736191

3.8380038738250732	-0.3507537841796875	1.4539600610733032	0.08256468176841736

3.843005895614624	-0.34356689453125	1.4586913585662842	0.07753321528434753

3.848007917404175	-0.3362884521484375	1.4418015480041504	0.0680483728647232

3.8530099391937256	-0.3287200927734375	1.4912179708480835	0.07665747404098511

3.858013153076172	-0.32098388671875	1.5372307300567627	0.0800374448299408

3.8630146980285645	-0.313079833984375	1.5839093923568726	0.0712117850780487

3.8680152893066406	-0.304931640625	1.634558081626892	0.05445399880409241

3.8730175495147705	-0.2964935302734375	1.684255599975586	0.04755602404475212

3.878018856048584	-0.2877960205078125	1.7521318197250366	0.04207971319556236

3.8830204010009766	-0.2785797119140625	1.8279613256454468	0.04848642647266388

3.888023853302002	-0.269195556640625	1.8274232149124146	0.06664863973855972

3.8930253982543945	-0.26025390625	1.8295910358428955	0.052980437874794006

3.898026943206787	-0.2512359619140625	1.8041496276855469	0.06187404319643974

3.903029680252075	-0.2423553466796875	1.7385467290878296	0.06071886792778969

3.9080324172973633	-0.2340240478515625	1.6955442428588867	0.04843834787607193

3.913034677505493	-0.225494384765625	1.7021583318710327	0.0715416669845581

3.9180355072021484	-0.2173919677734375	1.6332110166549683	0.07185283303260803

3.923038959503174	-0.2092132568359375	1.586600661277771	0.06401212513446808

3.9280407428741455	-0.201629638671875	1.567791223526001	0.05892782285809517

3.933042049407959	-0.1942596435546875	1.4812685251235962	0.060469817370176315

3.9380452632904053	-0.18719482421875	1.4132543802261353	0.06375200301408768

3.9430477619171143	-0.1804962158203125	1.3781620264053345	0.07340694963932037

3.9480488300323486	-0.1734466552734375	1.4005411863327026	0.0815676748752594

3.953052520751953	-0.16680908203125	1.3139857053756714	0.09172307699918747

3.958054780960083	-0.1603546142578125	1.301247477531433	0.11077503114938736

3.963057041168213	-0.1537628173828125	1.3019078969955444	0.07148357480764389

3.968057632446289	-0.14715576171875	1.3381928205490112	0.07455620169639587

3.9730610847473145	-0.1405029296875	1.3098348379135132	0.10038026422262192

3.978062629699707	-0.1338958740234375	1.329118251800537	0.08549818396568298

3.983064889907837	-0.126678466796875	1.4168967008590698	0.07267490029335022

3.9880683422088623	-0.1191558837890625	1.4764472246170044	0.08151034265756607

3.993070125579834	-0.1120452880859375	1.446791648864746	0.07495827227830887

3.9980721473693848	-0.1046142578125	1.4773880243301392	0.06871464848518372

4.003075122833252	-0.0972442626953125	1.4523371458053589	0.09919201582670212