Czas:	Pozycja:	Predkosc:	Moment:


6.198883056640625e-06	0.0	-0.010180743411183357	0.0

0.005007028579711914	7.62939453125e-05	0.00689646415412426	0.0

0.01000833511352539	9.1552734375e-05	0.008334990590810776	0.0

0.015009880065917969	0.0001220703125	0.016479846090078354	0.016143813729286194

0.02001166343688965	6.103515625e-05	-0.0053553273901343346	0.019837478175759315

0.025013208389282227	9.1552734375e-05	-0.003999941982328892	0.02838403359055519

0.03001546859741211	9.1552734375e-05	-0.008715548552572727	0.03204021975398064

0.03501725196838379	0.0001068115234375	-0.00934617593884468	0.06067709997296333

0.040018320083618164	0.0001678466796875	0.009232313372194767	0.06066562235355377

0.04501962661743164	0.0001068115234375	-0.0007824684143997729	0.08152376115322113

0.050023555755615234	0.000213623046875	0.011668549850583076	0.06549637019634247

0.05502438545227051	0.000244140625	0.009370352141559124	0.09006557613611221

0.06002640724182129	0.0002593994140625	0.00660153292119503	0.08132828027009964

0.06502842903137207	0.0002593994140625	0.005305759143084288	0.10201099514961243

0.07002949714660645	0.0003662109375	0.014275763183832169	0.11739881336688995

0.07503128051757812	0.000457763671875	0.00682113878428936	0.11356350779533386

0.08003354072570801	0.0009765625	0.0883449912071228	0.12346920371055603

0.08503532409667969	0.001739501953125	0.1554521918296814	0.12109686434268951

0.09003639221191406	0.0029296875	0.2347986400127411	0.12151685357093811

0.09503793716430664	0.0047149658203125	0.33855947852134705	0.11408533900976181

0.10003972053527832	0.0072021484375	0.47254639863967896	0.10264655947685242

0.1050410270690918	0.010223388671875	0.5875482559204102	0.1249314695596695

0.11004209518432617	0.013824462890625	0.710081934928894	0.09003253281116486

0.11504459381103516	0.018341064453125	0.8690945506095886	0.0964585617184639

0.12004613876342773	0.0233917236328125	0.9959830045700073	0.09127406030893326

0.1250476837158203	0.0289459228515625	1.1135430335998535	0.10290618985891342

0.1300504207611084	0.0349884033203125	1.1830823421478271	0.07873686403036118

0.13505172729492188	0.0410614013671875	1.2333492040634155	0.08099852502346039

0.14005351066589355	0.047760009765625	1.3177671432495117	0.06955866515636444

0.14505410194396973	0.054595947265625	1.383497953414917	0.06685570627450943

0.1500566005706787	0.0623779296875	1.4937022924423218	0.102995365858078

0.15505743026733398	0.07012939453125	1.5693644285202026	0.05361506715416908

0.16005873680114746	0.078094482421875	1.5890896320343018	0.0718257799744606

0.16506028175354004	0.08563232421875	1.5032472610473633	0.05358795076608658

0.17006206512451172	0.0928955078125	1.4449182748794556	0.04939892143011093

0.1750633716583252	0.0993499755859375	1.321679711341858	0.06437695026397705

0.1801748275756836	0.1060028076171875	1.2517335414886475	0.05349545553326607

0.18517613410949707	0.1116180419921875	1.2038750648498535	0.06064145267009735

0.19017720222473145	0.1174163818359375	1.1491950750350952	0.066877081990242

0.19517898559570312	0.12261962890625	1.041873812675476	0.07582611590623856

0.20018696784973145	0.127227783203125	0.9266977906227112	0.09177182614803314

0.20518732070922852	0.131744384765625	0.9113192558288574	0.059294164180755615

0.2101891040802002	0.13641357421875	0.9325132369995117	0.06314946711063385

0.21519064903259277	0.1414031982421875	0.9861388802528381	0.0602448433637619

0.22019147872924805	0.146209716796875	0.9821166396141052	0.06388269364833832

0.22519326210021973	0.1510772705078125	0.9643616676330566	0.08838796615600586

0.2301948070526123	0.15594482421875	0.9729790687561035	0.06360805034637451

0.23519635200500488	0.1607513427734375	0.9644937515258789	0.07782334834337234

0.24019837379455566	0.1658935546875	1.0185786485671997	0.06467146426439285

0.24519968032836914	0.1708984375	1.0000206232070923	0.07599525153636932

0.2502021789550781	0.17584228515625	0.958034873008728	0.06371840089559555

0.2552034854888916	0.180145263671875	0.8910750150680542	0.07960635423660278

0.2602043151855469	0.1846923828125	0.929381787776947	0.07772187888622284

0.26520633697509766	0.1893157958984375	0.9308141469955444	0.07825137674808502

0.27020788192749023	0.1937408447265625	0.8771559596061707	0.09525616466999054

0.2752089500427246	0.1976318359375	0.7884268760681152	0.09110773354768753

0.2802109718322754	0.2012939453125	0.7338533401489258	0.1038091704249382

0.28521227836608887	0.2050933837890625	0.755876898765564	0.09101606160402298

0.29021334648132324	0.209228515625	0.8293043375015259	0.07422853261232376

0.2952148914337158	0.2142181396484375	0.9765440225601196	0.047176703810691833

0.30025410652160645	0.2201995849609375	1.1263056993484497	0.06314095854759216

0.3052551746368408	0.2262725830078125	1.2139750719070435	0.0656445175409317

0.3102567195892334	0.2324981689453125	1.2448415756225586	0.04638899490237236

0.3152592182159424	0.2386322021484375	1.242949366569519	0.044984038919210434

0.32026052474975586	0.2451629638671875	1.268775224685669	0.05570051446557045

0.32739973068237305	0.254119873046875	1.2322468757629395	0.05624637007713318

0.3330967426300049	0.2605133056640625	1.1582965850830078	0.08863823115825653

0.33809876441955566	0.2660369873046875	1.1103640794754028	0.062321968376636505

0.34310030937194824	0.271453857421875	1.0764362812042236	0.06694464385509491

0.348102331161499	0.276611328125	1.0460344552993774	0.07047760486602783

0.3531043529510498	0.2817230224609375	1.035400629043579	0.0779305249452591

0.3581061363220215	0.287109375	1.082751750946045	0.05953801050782204

0.36310720443725586	0.29278564453125	1.1333898305892944	0.052615679800510406

0.3694336414337158	0.300201416015625	1.1586506366729736	0.0641484335064888

0.3744351863861084	0.3058013916015625	1.122753620147705	0.049019865691661835

0.3794372081756592	0.311065673828125	1.0578579902648926	0.06045469269156456

0.38540029525756836	0.3169403076171875	0.9942238926887512	0.0673101618885994

0.39040255546569824	0.32220458984375	1.033370018005371	0.045731522142887115

0.3954043388366699	0.3273162841796875	1.0215401649475098	0.06780607253313065

0.400407075881958	0.33221435546875	0.9805678725242615	0.07464947551488876

0.4054090976715088	0.3365936279296875	0.8938184976577759	0.07685242593288422

0.41041016578674316	0.3406982421875	0.8242704272270203	0.056653957813978195

0.41541218757629395	0.3444061279296875	0.7297714352607727	0.08481118083000183

0.4204132556915283	0.3475799560546875	0.6782305836677551	0.08514510840177536

0.4254143238067627	0.3505706787109375	0.6216087937355042	0.09284708648920059

0.4304163455963135	0.353729248046875	0.6156384944915771	0.10544994473457336

0.43541812896728516	0.356903076171875	0.6452935338020325	0.07766920328140259

0.44041919708251953	0.360565185546875	0.7141610980033875	0.0859236940741539

0.445420503616333	0.364532470703125	0.7877206802368164	0.06913083046674728

0.4504225254058838	0.36895751953125	0.8658446669578552	0.08528511971235275

0.45542335510253906	0.373291015625	0.881434440612793	0.06908127665519714

0.46042490005493164	0.377899169921875	0.9114096760749817	0.0906122624874115

0.4654269218444824	0.3827362060546875	0.9616028070449829	0.08067243546247482

0.4704279899597168	0.3877716064453125	1.0024274587631226	0.0819835290312767

0.47542905807495117	0.392822265625	1.011177897453308	0.07228384166955948

0.48043084144592285	0.3979949951171875	1.0169554948806763	0.08400607109069824

0.48543238639831543	0.4031829833984375	1.0494155883789062	0.07597225159406662

0.4904334545135498	0.408660888671875	1.0741723775863647	0.09709612280130386

0.4954347610473633	0.4142608642578125	1.1256877183914185	0.06129544973373413

0.5004367828369141	0.4197998046875	1.0968950986862183	0.07005006819963455

0.5054373741149902	0.424957275390625	1.0541867017745972	0.0946686789393425

0.5104389190673828	0.4299163818359375	1.0170267820358276	0.0677470862865448

0.5154409408569336	0.435089111328125	1.025650143623352	0.0724383145570755

0.5204424858093262	0.4409332275390625	1.1530954837799072	0.06096409633755684

0.5254435539245605	0.44677734375	1.1615257263183594	0.0685904324054718

0.5304524898529053	0.4524688720703125	1.1203042268753052	0.06737285107374191

0.5354599952697754	0.4582061767578125	1.1522926092147827	0.070970818400383

0.5404620170593262	0.464019775390625	1.1777842044830322	0.05727234482765198

0.5454633235931396	0.4702911376953125	1.2282899618148804	0.05370962992310524

0.5504655838012695	0.4763031005859375	1.1847548484802246	0.08170360326766968

0.5554671287536621	0.4818115234375	1.1258033514022827	0.07165702432394028

0.5604679584503174	0.4872589111328125	1.0866905450820923	0.0637439712882042

0.5654704570770264	0.4928131103515625	1.0858968496322632	0.05599713698029518

0.5704717636108398	0.4979248046875	1.0377904176712036	0.07118536531925201

0.5754725933074951	0.5031280517578125	1.0370877981185913	0.058187492191791534

0.5804743766784668	0.508453369140625	1.071665644645691	0.10165388137102127

0.5854752063751221	0.5139617919921875	1.1074050664901733	0.04863624647259712

0.5904767513275146	0.51959228515625	1.120182752609253	0.05742451548576355

0.5954782962799072	0.5253753662109375	1.1436400413513184	0.06584010273218155

0.6004800796508789	0.5308990478515625	1.1074408292770386	0.059556808322668076

0.6054811477661133	0.536468505859375	1.108554720878601	0.04941835254430771

0.6104824542999268	0.5422515869140625	1.1611154079437256	0.048812154680490494

0.6154837608337402	0.548095703125	1.1439177989959717	0.06428737193346024

0.6204843521118164	0.5536651611328125	1.1168192625045776	0.0559825636446476

0.6254856586456299	0.5590057373046875	1.059841275215149	0.07915593683719635

0.6304864883422852	0.5640411376953125	0.9969081282615662	0.061011020094156265

0.6354928016662598	0.568572998046875	0.924541175365448	0.06643779575824738

0.6404941082000732	0.5731048583984375	0.9144792556762695	0.041907474398612976

0.6454982757568359	0.5776214599609375	0.8967324495315552	0.04899168014526367

0.6505002975463867	0.5823822021484375	0.9276817440986633	0.06620309501886368

0.6555020809173584	0.5870361328125	0.9425844550132751	0.054833222180604935

0.6605033874511719	0.5916595458984375	0.9314451217651367	0.07118852436542511

0.6655049324035645	0.5963134765625	0.9210996031761169	0.05578583478927612

0.6705100536346436	0.600616455078125	0.8650581240653992	0.08226598799228668

0.6755115985870361	0.604766845703125	0.8606964349746704	0.06562569737434387

0.6805248260498047	0.609405517578125	0.9017280340194702	0.06270202994346619

0.6855258941650391	0.6138916015625	0.8924299478530884	0.05243988335132599

0.6905272006988525	0.618560791015625	0.9260335564613342	0.07850755006074905

0.695528507232666	0.6230621337890625	0.9063475728034973	0.06035139039158821

0.7005307674407959	0.627655029296875	0.9140358567237854	0.0677015632390976

0.7055327892303467	0.6320648193359375	0.8983597755432129	0.06304378062486649

0.7105340957641602	0.636749267578125	0.9416412711143494	0.06991846114397049

0.7155356407165527	0.641143798828125	0.8727364540100098	0.09524475783109665

0.7205390930175781	0.6451263427734375	0.8073955774307251	0.07378257811069489

0.7255408763885498	0.6483306884765625	0.6723136305809021	0.11461661756038666

0.7305424213409424	0.6514892578125	0.631443440914154	0.10280292481184006

0.735543966293335	0.65478515625	0.6512172222137451	0.1038215383887291

0.7405452728271484	0.65777587890625	0.6103754639625549	0.09977990388870239

0.7455465793609619	0.6608734130859375	0.6088649034500122	0.11162444949150085

0.7505490779876709	0.6643524169921875	0.6701977849006653	0.08893821388483047

0.7555499076843262	0.6678314208984375	0.7075947523117065	0.10369966924190521

0.7605512142181396	0.6716461181640625	0.7641193866729736	0.09876745194196701

0.7655525207519531	0.6758270263671875	0.8128678202629089	0.10230561345815659

0.7705533504486084	0.6804351806640625	0.9040972590446472	0.09644489735364914

0.7755551338195801	0.685638427734375	1.0343598127365112	0.0740538164973259

0.78055739402771	0.691802978515625	1.1999471187591553	0.0694354772567749

0.7855582237243652	0.69818115234375	1.2438029050827026	0.0893930047750473

0.7905597686767578	0.704559326171875	1.28195321559906	0.07268796861171722

0.7955605983734131	0.7113189697265625	1.3372811079025269	0.06964971870183945

0.8005626201629639	0.7180938720703125	1.320779800415039	0.08468406647443771

0.8055644035339355	0.7241058349609375	1.2470442056655884	0.06481528282165527

0.810565710067749	0.7295989990234375	1.1296515464782715	0.07276362925767899

0.8155984878540039	0.735107421875	1.0788494348526	0.0730496197938919

0.8205993175506592	0.7404937744140625	1.0880552530288696	0.06485147774219513

0.8256011009216309	0.746185302734375	1.136265516281128	0.06613682955503464

0.8306031227111816	0.75201416015625	1.1509113311767578	0.08434953540563583

0.8356051445007324	0.757843017578125	1.1664625406265259	0.07479467988014221

0.8406059741973877	0.76361083984375	1.1631115674972534	0.04147360473871231

0.8456072807312012	0.769927978515625	1.229459524154663	0.06453606486320496

0.8506147861480713	0.7761688232421875	1.2300746440887451	0.07180262356996536

0.855616569519043	0.7819366455078125	1.166730284690857	0.0567665733397007

0.8606173992156982	0.7875213623046875	1.133278489112854	0.06426805257797241

0.865619421005249	0.7930450439453125	1.0863053798675537	0.08280503749847412

0.8706302642822266	0.7978515625	0.9838244318962097	0.07240510731935501

0.87563157081604	0.80242919921875	0.9233876466751099	0.08645526319742203

0.8806352615356445	0.8067474365234375	0.8452052474021912	0.09697352349758148

0.885636568069458	0.8107147216796875	0.806664764881134	0.08177473396062851

0.8906373977661133	0.8145904541015625	0.7871057391166687	0.07519188523292542

0.8956379890441895	0.8186187744140625	0.8056529760360718	0.09747171401977539

0.9006404876708984	0.8230133056640625	0.8534520268440247	0.08182379603385925

0.9056417942047119	0.8273468017578125	0.8762924671173096	0.07976893335580826

0.9106435775756836	0.8321533203125	0.9539089798927307	0.05616948381066322

0.9156451225280762	0.837249755859375	1.0166926383972168	0.07351409643888474

0.9206466674804688	0.8429107666015625	1.1114615201950073	0.06645567715167999

0.925647497177124	0.8490142822265625	1.205439805984497	0.05630658566951752

0.9306495189666748	0.855438232421875	1.2585221529006958	0.05396045744419098

0.9356508255004883	0.86163330078125	1.235181212425232	0.06539884209632874

0.9406523704528809	0.866912841796875	1.0738918781280518	0.07953635603189468

0.9456539154052734	0.8714599609375	0.9112065434455872	0.08717625588178635

0.950655460357666	0.875335693359375	0.8034157156944275	0.07087871432304382

0.9556624889373779	0.8788909912109375	0.7252442836761475	0.09111461043357849

0.9606635570526123	0.88238525390625	0.704020619392395	0.08433430641889572

0.965665340423584	0.8859100341796875	0.705558180809021	0.1028369665145874

0.9706668853759766	0.8894500732421875	0.7008834481239319	0.10718750953674316

0.97566819190979	0.8926239013671875	0.6483420729637146	0.09525109827518463

0.9806702136993408	0.896087646484375	0.6760647892951965	0.1076548844575882

0.9856724739074707	0.899505615234375	0.6907715797424316	0.10512816905975342

0.9906735420227051	0.90325927734375	0.7569898366928101	0.0940631553530693

0.9956746101379395	0.9076385498046875	0.8696263432502747	0.081093430519104

1.0006773471832275	0.9128875732421875	1.0048588514328003	0.07138817012310028

1.0056791305541992	0.9186553955078125	1.1447893381118774	0.07161208987236023

1.0106799602508545	0.925201416015625	1.2827433347702026	0.04068250581622124

1.0156819820404053	0.9320526123046875	1.3382459878921509	0.03082769364118576

1.0206828117370605	0.9389190673828125	1.349431037902832	0.0482938252389431

1.025684118270874	0.945220947265625	1.2959153652191162	0.03512337803840637

1.0306859016418457	0.95086669921875	1.1394859552383423	0.042913224548101425

1.0356876850128174	0.9555206298828125	0.9552074670791626	0.04232921451330185

1.0406882762908936	0.95941162109375	0.8152341246604919	0.04235721379518509

1.0456900596618652	0.962677001953125	0.6620820164680481	0.043898507952690125

1.0506925582885742	0.965087890625	0.49849793314933777	0.045005325227975845

1.0556941032409668	0.9670257568359375	0.42397525906562805	0.036938950419425964

1.0606954097747803	0.968597412109375	0.34013915061950684	0.04450119659304619

1.0656964778900146	0.9699554443359375	0.26703470945358276	0.04411976411938667

1.070697546005249	0.9707794189453125	0.1700572371482849	0.03471504524350166

1.0756990909576416	0.9709320068359375	0.04408496245741844	0.049809735268354416

1.0807011127471924	0.9708709716796875	-7.481349894078448e-05	0.044522449374198914

1.085702657699585	0.97088623046875	0.0029904907569289207	0.04190569743514061

1.0907042026519775	0.9709014892578125	0.007437846157699823	0.05383564531803131

1.0957047939300537	0.9708709716796875	0.002364564687013626	0.04771028459072113

1.100714921951294	0.970947265625	0.020265361294150352	0.04717516526579857

1.1057162284851074	0.9708709716796875	-0.004639823455363512	0.05383478105068207

1.1107177734375	0.97088623046875	0.002160628093406558	0.048600152134895325

1.1157188415527344	0.9709625244140625	0.022359617054462433	0.049181949347257614

1.120720386505127	0.9709014892578125	0.011323590762913227	0.04333853721618652

1.1257219314575195	0.970855712890625	-0.0023416345939040184	0.053834475576877594

1.130723476409912	0.9708251953125	-0.02099541947245598	0.0559050515294075

1.135730504989624	0.9708709716796875	-0.005885397084057331	0.04712957516312599

1.1407318115234375	0.97088623046875	0.00014010451559443027	0.05121332406997681

1.14573335647583	0.9708709716796875	-0.010668453760445118	0.04041833057999611

1.1507353782653809	0.970855712890625	-0.010466087609529495	0.04917659983038902

1.1557362079620361	0.9708709716796875	-0.00028816331177949905	0.04452124983072281

1.1607375144958496	0.970855712890625	-0.007654928602278233	0.04452094808220863

1.1657395362854004	0.9708251953125	-0.014533809386193752	0.04451451450586319

1.1707403659820557	0.970916748046875	0.004703544545918703	0.04391968622803688

1.1757416725158691	0.97088623046875	0.005644778721034527	0.05587179586291313

1.180743932723999	0.9708404541015625	-0.006542698480188847	0.05123613402247429

1.1857452392578125	0.970916748046875	0.01779773272573948	0.053226277232170105

1.190746545791626	0.9709014892578125	0.0026453561149537563	0.051209043711423874

1.1957473754882812	0.97088623046875	0.00413408363237977	0.06052524596452713

1.2007486820220947	0.9708709716796875	-0.007893380708992481	0.053267136216163635

1.205749273300171	0.9708251953125	-0.01910196617245674	0.05124396085739136

1.2107505798339844	0.9709320068359375	0.013879043981432915	0.0578576996922493

1.2157526016235352	0.9709014892578125	0.0007079681963659823	0.04655678942799568

1.2207536697387695	0.970855712890625	-0.004093917552381754	0.049176719039678574

1.225754737854004	0.9708709716796875	0.005047080107033253	0.04508821293711662

1.2307567596435547	0.9708404541015625	-0.014309503138065338	0.04711533337831497

1.235757827758789	0.9709320068359375	0.01579759083688259	0.046540770679712296

1.2407593727111816	0.970916748046875	0.003123809117823839	0.051205772906541824

1.2457611560821533	0.9708404541015625	-0.01523348968476057	0.05589466914534569

1.250762701034546	0.970855712890625	-0.00832165963947773	0.0439738892018795

1.2557635307312012	0.9709320068359375	0.016307426616549492	0.04452768340706825

1.2607645988464355	0.970916748046875	0.017940474674105644	0.04856768622994423

1.2657668590545654	0.970855712890625	0.0023551348131150007	0.04191458225250244

1.270768165588379	0.970855712890625	-0.003930773586034775	0.05122983455657959

1.2757694721221924	0.970916748046875	0.006832297425717115	0.05181773751974106

1.2807714939117432	0.9709014892578125	0.0008224862976931036	0.05121426656842232

1.2857728004455566	0.970855712890625	-0.00821967888623476	0.05177829787135124

1.2907745838165283	0.9709320068359375	0.01391982939094305	0.05321448668837547

1.2957770824432373	0.9708404541015625	-0.01240505464375019	0.05436743423342705

1.3007793426513672	0.970794677734375	-0.02580045536160469	0.046596959233284

1.3057811260223389	0.9708709716796875	-0.006451721768826246	0.0497405007481575

1.3107819557189941	0.970916748046875	0.006013421807438135	0.05383569747209549

1.3157854080200195	0.970855712890625	-0.010033133439719677	0.053834620863199234

1.320786952972412	0.9708099365234375	-0.016828877851366997	0.05124634504318237

1.3257887363433838	0.9709014892578125	0.00674130953848362	0.04715212807059288

1.330791711807251	0.9709320068359375	0.007089567836374044	0.05320350080728531

1.3358104228973389	0.9708709716796875	0.003316766582429409	0.05906549468636513

1.3408117294311523	0.9708404541015625	-0.003938623238354921	0.039321284741163254

1.3458147048950195	0.9708251953125	-0.015024847351014614	0.056423064321279526

1.3508195877075195	0.9708404541015625	-0.014376961626112461	0.042460352182388306

1.3558220863342285	0.970916748046875	0.005178845953196287	0.047157540917396545

1.3608253002166748	0.9708709716796875	-0.0005423175171017647	0.060530971735715866

1.3658370971679688	0.97088623046875	0.00024047830083873123	0.0491795614361763

1.3714067935943604	0.9709014892578125	0.0053608170710504055	0.0625469833612442

1.3764097690582275	0.97088623046875	0.002825747011229396	0.044524066150188446

1.3814127445220947	0.9709014892578125	0.008371209725737572	0.05180319398641586

1.386443853378296	0.9709014892578125	0.0006452121888287365	0.05443542078137398

1.3914473056793213	0.970916748046875	0.006402459926903248	0.03987208008766174

1.3964495658874512	0.970855712890625	-0.0037974307779222727	0.04712529480457306

1.4015254974365234	0.9708251953125	-0.013448270969092846	0.03985682502388954

1.4065284729003906	0.9708709716796875	-0.004173933528363705	0.0497460775077343

1.411531925201416	0.9709014892578125	0.012708759866654873	0.048577938228845596

1.418407917022705	0.970855712890625	-0.009513888508081436	0.058491725474596024

1.4234230518341064	0.9708099365234375	-0.019015692174434662	0.05641389265656471

1.42842435836792	0.970855712890625	-0.009639386087656021	0.048621613532304764

1.4334275722503662	0.9709014892578125	0.0031049891840666533	0.04189690575003624

1.438429355621338	0.9709014892578125	-0.0034617199562489986	0.051804203540086746

1.4434309005737305	0.970855712890625	-0.007667489815503359	0.044520094990730286

1.4484519958496094	0.9709014892578125	0.011099251918494701	0.047153547406196594

1.4534544944763184	0.97088623046875	-0.0017502261325716972	0.060530681163072586

1.4584555625915527	0.9708404541015625	-0.012841160409152508	0.04192055016756058

1.4634592533111572	0.9709014892578125	0.00457490049302578	0.04189549386501312

1.468465805053711	0.970855712890625	-0.008713822811841965	0.051229555159807205

1.4734673500061035	0.9708404541015625	-0.013796512968838215	0.051769912242889404

1.478468656539917	0.970947265625	0.013690794818103313	0.04853711649775505

1.4834721088409424	0.9708404541015625	-0.007932605221867561	0.04917550086975098

1.4884743690490723	0.9708709716796875	0.005324739497154951	0.058491598814725876

1.4934818744659424	0.970855712890625	-0.0031338653061538935	0.05178419128060341

1.4984843730926514	0.9708709716796875	0.006433827802538872	0.04860946908593178

1.503485918045044	0.97088623046875	0.000425586971687153	0.04714237526059151

1.5084874629974365	0.9708404541015625	-0.0064438870176672935	0.043441735208034515

1.5134897232055664	0.970855712890625	2.0317688722570892e-06	0.03725497052073479

1.5184929370880127	0.9707794189453125	-0.0180932879447937	0.02843445912003517

1.5234944820404053	0.9708251953125	0.0033904905430972576	0.016566874459385872

1.5284955501556396	0.97076416015625	-0.011103013530373573	0.01607963629066944

1.5334978103637695	0.970855712890625	0.012007540091872215	-1.5060506010702857e-13

1.5385007858276367	0.9708099365234375	0.004270555451512337	-0.002580976579338312

1.5435028076171875	0.9707489013671875	-0.010415909811854362	-0.025424035266041756

1.548506259918213	0.970703125	-0.011231649667024612	-0.02758493274450302

1.5535078048706055	0.9706573486328125	-0.012918040156364441	-0.02116137184202671

1.5585110187530518	0.9706268310546875	-0.014243618585169315	-0.039808206260204315

1.5635132789611816	0.9705810546875	-0.01572450064122677	-0.05158296599984169

1.5685157775878906	0.970367431640625	-0.03319702669978142	-0.04663702845573425

1.573523759841919	0.97003173828125	-0.06039254367351532	-0.06064939498901367

1.5785319805145264	0.9697265625	-0.06484301388263702	-0.07447821646928787

1.58355712890625	0.9692840576171875	-0.08290538936853409	-0.08720408380031586

1.5885586738586426	0.9687347412109375	-0.10742777585983276	-0.08098921179771423

1.593559980392456	0.9681854248046875	-0.1126297265291214	-0.0952686220407486

1.598562240600586	0.9674835205078125	-0.13963231444358826	-0.09440546482801437

1.603564739227295	0.9666900634765625	-0.16256718337535858	-0.09711839258670807

1.6085658073425293	0.9655914306640625	-0.21316349506378174	-0.10937607288360596

1.6135687828063965	0.9639129638671875	-0.31389161944389343	-0.08599818497896194

1.6185719966888428	0.9614715576171875	-0.46381059288978577	-0.08841374516487122

1.6235735416412354	0.9582977294921875	-0.6095473766326904	-0.09321334213018417

1.6285743713378906	0.9545745849609375	-0.7326474189758301	-0.08546605706214905

1.633577585220337	0.949737548828125	-0.9224026799201965	-0.0766393169760704

1.6385784149169922	0.9443817138671875	-1.059255599975586	-0.07730462402105331

1.6435801982879639	0.938323974609375	-1.176485300064087	-0.07397974282503128

1.648583173751831	0.932586669921875	-1.1467454433441162	-0.07741878181695938

1.6535851955413818	0.927154541015625	-1.0752489566802979	-0.0825246050953865

1.6585862636566162	0.9222412109375	-1.0326632261276245	-0.08680765330791473

1.6635899543762207	0.917388916015625	-0.9600813984870911	-0.07989707589149475

1.6686146259307861	0.913238525390625	-0.8361611366271973	-0.10229253768920898

1.6736161708831787	0.90972900390625	-0.7324886322021484	-0.11312581598758698

1.6786174774169922	0.9064483642578125	-0.6785022020339966	-0.09685938060283661

1.683619737625122	0.9028167724609375	-0.7137768268585205	-0.0919443666934967

1.6886208057403564	0.89892578125	-0.7726200222969055	-0.10653519630432129

1.6936228275299072	0.89434814453125	-0.8994362950325012	-0.09257552027702332

1.6986258029937744	0.889007568359375	-1.0218100547790527	-0.08993714302778244

1.703627586364746	0.8834381103515625	-1.11631178855896	-0.07198029011487961

1.7086303234100342	0.877685546875	-1.145229697227478	-0.07619134336709976

1.713632583618164	0.8715667724609375	-1.210344672203064	-0.06755220890045166

1.7186353206634521	0.86492919921875	-1.3223252296447754	-0.05526258423924446

1.7236363887786865	0.8577728271484375	-1.4263168573379517	-0.05695195123553276

1.7286376953125	0.850372314453125	-1.4607834815979004	-0.05519678443670273

1.7336411476135254	0.8433990478515625	-1.3717831373214722	-0.07323182374238968

1.7386434078216553	0.837005615234375	-1.292281150817871	-0.06780876964330673

1.7436444759368896	0.83135986328125	-1.1499391794204712	-0.06014641374349594

1.748647689819336	0.8260650634765625	-1.069262146949768	-0.07512589544057846

1.7536571025848389	0.8209686279296875	-1.0234647989273071	-0.0766269639134407

1.7586581707000732	0.81597900390625	-1.0095795392990112	-0.06008773297071457

1.7636618614196777	0.810943603515625	-1.0048658847808838	-0.0695909932255745

1.7686638832092285	0.8057861328125	-1.0118123292922974	-0.06317875534296036

1.773665189743042	0.800628662109375	-1.0573517084121704	-0.05944040045142174

1.7786660194396973	0.79510498046875	-1.0930895805358887	-0.060513731092214584

1.7836692333221436	0.78912353515625	-1.1530849933624268	-0.06265237182378769

1.7886700630187988	0.7836151123046875	-1.1353871822357178	-0.058755677193403244

1.7936768531799316	0.7782745361328125	-1.086627721786499	-0.05900045484304428

1.798680305480957	0.77294921875	-1.0577313899993896	-0.048372168093919754

1.8036820888519287	0.76800537109375	-1.0129766464233398	-0.07497059553861618

1.8086833953857422	0.763275146484375	-0.9671255350112915	-0.07178711891174316

1.8136851787567139	0.7590179443359375	-0.8638744354248047	-0.08510846644639969

1.8186872005462646	0.7549285888671875	-0.8232254385948181	-0.0790480226278305

1.8236887454986572	0.7508392333984375	-0.8392391800880432	-0.08083134889602661

1.8286898136138916	0.7465362548828125	-0.8696865439414978	-0.07612115144729614

1.8336925506591797	0.7417144775390625	-0.9289281368255615	-0.07597529888153076

1.8386945724487305	0.737274169921875	-0.9089630246162415	-0.10236595571041107

1.843695878982544	0.7328948974609375	-0.8764351606369019	-0.07613880932331085

1.8486993312835693	0.7286529541015625	-0.8342846632003784	-0.08429649472236633

1.853701114654541	0.724151611328125	-0.9019376635551453	-0.06305541098117828

1.85870361328125	0.7193145751953125	-0.9787533283233643	-0.060534022748470306

1.8637073040008545	0.714019775390625	-1.0331834554672241	-0.0694449320435524

1.8687100410461426	0.708892822265625	-1.0311248302459717	-0.08542751520872116

1.873715877532959	0.7040252685546875	-0.9935348033905029	-0.07862376421689987

1.8787171840667725	0.6988983154296875	-1.0196889638900757	-0.055555328726768494

1.883730411529541	0.6937103271484375	-1.0277950763702393	-0.07001025229692459

1.8887324333190918	0.688446044921875	-1.0460864305496216	-0.07636209577322006

1.893733263015747	0.6836090087890625	-0.9739924669265747	-0.07507359236478806

1.8987352848052979	0.6793212890625	-0.8607476949691772	-0.0932278260588646

1.9037375450134277	0.6753387451171875	-0.8127228617668152	-0.08327191323041916

1.9087388515472412	0.6711273193359375	-0.8454936742782593	-0.07064180821180344

1.9137425422668457	0.6667327880859375	-0.8703312873840332	-0.0900522992014885

1.9187467098236084	0.661895751953125	-0.9398983120918274	-0.0855414867401123

1.9237487316131592	0.65692138671875	-0.9944700002670288	-0.07976195961236954

1.9287495613098145	0.6517181396484375	-1.0611283779144287	-0.07454951852560043

1.9337515830993652	0.645782470703125	-1.152342438697815	-0.0611412413418293

1.9387524127960205	0.639129638671875	-1.3176473379135132	-0.0525769479572773

1.9437544345855713	0.6320953369140625	-1.3799793720245361	-0.053710006177425385

1.9487571716308594	0.6253662109375	-1.35493004322052	-0.05512429401278496

1.9537594318389893	0.618927001953125	-1.2945222854614258	-0.06901349872350693

1.95876145362854	0.61248779296875	-1.2909255027770996	-0.053821295499801636

1.963763952255249	0.60650634765625	-1.192360758781433	-0.05472484976053238

1.9687674045562744	0.6007232666015625	-1.1425107717514038	-0.05168444290757179

1.973768949508667	0.5950469970703125	-1.1334244012832642	-0.057083263993263245

1.9787704944610596	0.589202880859375	-1.1736987829208374	-0.04889014735817909

1.9837737083435059	0.583343505859375	-1.1381011009216309	-0.06321432441473007

1.9887757301330566	0.5777435302734375	-1.1256823539733887	-0.06733857840299606

1.993776798248291	0.5723419189453125	-1.0756484270095825	-0.04890269413590431

1.9987807273864746	0.5670623779296875	-1.0425482988357544	-0.0436338447034359

2.0037825107574463	0.5620880126953125	-1.0206472873687744	-0.05238617956638336

2.008784294128418	0.5569610595703125	-1.0363410711288452	-0.05721135064959526

2.013787269592285	0.5518951416015625	-1.000132441520691	-0.05158759281039238

2.0187904834747314	0.546905517578125	-1.0070077180862427	-0.060089223086833954

2.023791790008545	0.5420074462890625	-0.9987216591835022	-0.05053916946053505

2.0287928581237793	0.5373077392578125	-0.9450478553771973	-0.06770012527704239

2.0337958335876465	0.5326995849609375	-0.8976426720619202	-0.05491296574473381

2.03879714012146	0.5284881591796875	-0.8564561009407043	-0.0706176832318306

2.0437982082366943	0.5241241455078125	-0.8724334239959717	-0.05071762949228287

2.0488007068634033	0.519622802734375	-0.8776226043701172	-0.06518898904323578

2.053802728652954	0.5155181884765625	-0.8330677151679993	-0.06514134258031845

2.058804512023926	0.5113983154296875	-0.8274938464164734	-0.07737904042005539

2.063807249069214	0.5074462890625	-0.7864481210708618	-0.07289741933345795

2.068809747695923	0.5035400390625	-0.7872684597969055	-0.06344675272703171

2.0738115310668945	0.4997100830078125	-0.784233033657074	-0.07796815037727356

2.078812837600708	0.49554443359375	-0.8281543254852295	-0.06819365173578262

2.0838165283203125	0.4907989501953125	-0.8935166597366333	-0.07872380316257477

2.088818073272705	0.4862823486328125	-0.9303034543991089	-0.11125350743532181

2.0938193798065186	0.4818115234375	-0.9115085005760193	-0.06519072502851486

2.0988283157348633	0.4772796630859375	-0.8965802788734436	-0.07234018296003342

2.1038434505462646	0.4725189208984375	-0.9475026726722717	-0.060868777334690094

2.1088449954986572	0.46783447265625	-0.9458600878715515	-0.07018130272626877

2.1138477325439453	0.462982177734375	-0.938322126865387	-0.08624948561191559

2.118849754333496	0.458465576171875	-0.907974898815155	-0.0806121826171875

2.1238510608673096	0.4542083740234375	-0.8818222880363464	-0.08200506120920181

2.128852367401123	0.4496917724609375	-0.9143044948577881	-0.07195354998111725

2.133854389190674	0.44482421875	-0.9481314420700073	-0.08989398926496506

2.1388556957244873	0.4398345947265625	-1.0120103359222412	-0.06090822070837021

2.1438581943511963	0.43475341796875	-1.0031862258911133	-0.10262208431959152

2.148864269256592	0.4303131103515625	-0.8992355465888977	-0.08555296063423157

2.1538660526275635	0.425933837890625	-0.8949108719825745	-0.08780273050069809

2.158867359161377	0.4211883544921875	-0.9499887824058533	-0.053706493228673935

2.163869857788086	0.4157562255859375	-1.059247612953186	-0.06407810747623444

2.168872356414795	0.410064697265625	-1.1090328693389893	-0.07712402194738388

2.17387318611145	0.404510498046875	-1.1259342432022095	-0.0567106157541275

2.178875207901001	0.39892578125	-1.1119965314865112	-0.06722036004066467

2.183889627456665	0.392913818359375	-1.165772795677185	-0.06524790078401566

2.188891887664795	0.38702392578125	-1.1928614377975464	-0.05933169648051262

2.1938960552215576	0.3810882568359375	-1.1994245052337646	-0.060293734073638916

2.198920965194702	0.37518310546875	-1.1546754837036133	-0.07326918095350266

2.2039237022399902	0.36962890625	-1.1275241374969482	-0.07042956352233887

2.208925485610962	0.3640594482421875	-1.1068611145019531	-0.06487154215574265

2.2139289379119873	0.3589019775390625	-1.0509843826293945	-0.06802843511104584

2.21893048286438	0.3538665771484375	-1.0051255226135254	-0.08407334983348846

2.2239317893981934	0.3488006591796875	-1.0213583707809448	-0.04858531430363655

2.228933095932007	0.343231201171875	-1.101583480834961	-0.06533202528953552

2.2339365482330322	0.3372344970703125	-1.1559165716171265	-0.055616166442632675

2.238938093185425	0.331451416015625	-1.1677978038787842	-0.04392389953136444

2.2439396381378174	0.3256683349609375	-1.1629096269607544	-0.05558282881975174

2.2489423751831055	0.320098876953125	-1.1066621541976929	-0.06475090980529785

2.2539443969726562	0.3151092529296875	-1.0199241638183594	-0.05200670659542084

2.258945941925049	0.310211181640625	-0.981865644454956	-0.05824040621519089

2.263948917388916	0.3052825927734375	-0.9775077700614929	-0.06531357765197754

2.2689507007598877	0.3002166748046875	-1.0241745710372925	-0.04548865556716919

2.2739522457122803	0.295074462890625	-1.0448330640792847	-0.07636561244726181

2.278954029083252	0.28997802734375	-1.0167073011398315	-0.06095538288354874

2.2839574813842773	0.28546142578125	-0.9023531675338745	-0.07477395981550217

2.28895902633667	0.2812957763671875	-0.8323643803596497	-0.07294626533985138

2.2939603328704834	0.277618408203125	-0.7693642973899841	-0.08002544939517975

2.298962116241455	0.2735443115234375	-0.7953956723213196	-0.0568796843290329

2.303964376449585	0.2695159912109375	-0.7944942712783813	-0.07924273610115051

2.3089661598205566	0.265289306640625	-0.8449069857597351	-0.0766211450099945

2.3139688968658447	0.2609710693359375	-0.8594099283218384	-0.07969127595424652

2.3189706802368164	0.256500244140625	-0.8951237201690674	-0.06451711803674698

2.323972225189209	0.2516937255859375	-0.9593258500099182	-0.08168047666549683

2.328974723815918	0.246612548828125	-1.0208044052124023	-0.07011377811431885

2.3339791297912598	0.2412261962890625	-1.0279760360717773	-0.06837906688451767

2.3389832973480225	0.2362518310546875	-1.0218223333358765	-0.07466122508049011

2.343984603881836	0.231414794921875	-0.9748848080635071	-0.06958471238613129

2.3489880561828613	0.2265167236328125	-0.9675933718681335	-0.0781862735748291

2.353990077972412	0.2220458984375	-0.9133042693138123	-0.08394940942525864

2.358991861343384	0.2177581787109375	-0.860144853591919	-0.09006790071725845

2.36399507522583	0.213958740234375	-0.7546149492263794	-0.1049974262714386

2.368997097015381	0.2105865478515625	-0.6923502087593079	-0.08830004185438156

2.3739991188049316	0.207305908203125	-0.672234058380127	-0.10934904217720032

2.379000186920166	0.2040863037109375	-0.6504601836204529	-0.09358244389295578

2.384005069732666	0.2000885009765625	-0.7719981074333191	-0.07982704043388367

2.3890063762664795	0.195526123046875	-0.9127367734909058	-0.07773030549287796

2.394007921218872	0.189971923828125	-1.0922296047210693	-0.06392666697502136

2.399009943008423	0.184173583984375	-1.1295500993728638	-0.0651550441980362

2.4040114879608154	0.1786041259765625	-1.1214650869369507	-0.08426731824874878

2.409013032913208	0.1726837158203125	-1.1902843713760376	-0.04586753249168396

2.414015054702759	0.1663970947265625	-1.2375363111495972	-0.06125415861606598

2.419020175933838	0.16009521484375	-1.2523486614227295	-0.059318095445632935

2.4240214824676514	0.15399169921875	-1.2379766702651978	-0.07191192358732224

2.429023265838623	0.14764404296875	-1.2536460161209106	-0.06930893659591675

2.434025287628174	0.1411895751953125	-1.2711308002471924	-0.060660142451524734

2.439026355743408	0.135009765625	-1.2388204336166382	-0.04989859461784363

2.444027900695801	0.129241943359375	-1.171396017074585	-0.06779444962739944

2.4490301609039307	0.123504638671875	-1.1408926248550415	-0.04338649660348892

2.4540326595306396	0.1178741455078125	-1.143229365348816	-0.04048234596848488

2.4590344429016113	0.1118621826171875	-1.1989367008209229	-0.060362961143255234

2.464038133621216	0.1058502197265625	-1.1755273342132568	-0.06618750095367432

2.4690403938293457	0.1002960205078125	-1.1286382675170898	-0.038687292486429214

2.4740419387817383	0.094329833984375	-1.1964014768600464	-0.050835590809583664

2.4790430068969727	0.0881805419921875	-1.2180136442184448	-0.058325983583927155

2.4840457439422607	0.0819244384765625	-1.2238364219665527	-0.05148785561323166

2.489048480987549	0.0760040283203125	-1.2062097787857056	-0.042865101248025894

2.494049549102783	0.07037353515625	-1.129113793373108	-0.06294602155685425

2.499052047729492	0.0652618408203125	-1.0199384689331055	-0.06529998779296875

2.504054069519043	0.060791015625	-0.9279720187187195	-0.05888126417994499

2.5090560913085938	0.0566558837890625	-0.8378546833992004	-0.06401494145393372

2.5140581130981445	0.0523223876953125	-0.850498616695404	-0.059586942195892334

2.519061326980591	0.0481719970703125	-0.8337650895118713	-0.07494319975376129

2.5240626335144043	0.0439453125	-0.8510710000991821	-0.07031276822090149

2.5290639400482178	0.039794921875	-0.8317347168922424	-0.06970345228910446

2.5340688228607178	0.035491943359375	-0.8398029208183289	-0.07023438811302185

2.5390713214874268	0.0316162109375	-0.7810477018356323	-0.07715526968240738

2.5440726280212402	0.027801513671875	-0.7660081386566162	-0.05925717577338219

2.5490753650665283	0.02374267578125	-0.78600013256073	-0.06400234997272491

2.554077386856079	0.0200042724609375	-0.7648193836212158	-0.08428339660167694

2.5590789318084717	0.0158538818359375	-0.8176260590553284	-0.07701341062784195

2.564082145690918	0.011810302734375	-0.8053898215293884	-0.07712753862142563

2.569084405899048	0.0077972412109375	-0.818865180015564	-0.08071239292621613

2.5740859508514404	0.0034942626953125	-0.8665562272071838	-0.07712507247924805

2.579087018966675	-0.00128173828125	-0.9456862807273865	-0.07820255309343338

2.5840890407562256	-0.00653076171875	-1.0119163990020752	-0.08144251257181168

2.5890910625457764	-0.011383056640625	-0.9963158369064331	-0.09785490483045578

2.594092607498169	-0.016265869140625	-0.9699976444244385	-0.06389866024255753

2.5990958213806152	-0.0211639404296875	-0.9641448855400085	-0.07018833607435226

2.604097843170166	-0.0263519287109375	-1.0326194763183594	-0.056775931268930435

2.6090993881225586	-0.031494140625	-1.0430212020874023	-0.06685744225978851

2.6141011714935303	-0.0366363525390625	-1.0390061140060425	-0.0750356987118721

2.6191036701202393	-0.0416259765625	-1.016397476196289	-0.06950586289167404

2.62410569190979	-0.046478271484375	-0.9696503281593323	-0.0842442512512207

2.629107713699341	-0.05157470703125	-0.991532564163208	-0.08787703514099121

2.63411808013916	-0.05682373046875	-1.0122774839401245	-0.06700493395328522

2.6391196250915527	-0.0616912841796875	-1.0025259256362915	-0.09422952681779861

2.6441211700439453	-0.066314697265625	-0.9410396814346313	-0.06430364400148392

2.6491241455078125	-0.07110595703125	-0.9429503679275513	-0.06796838343143463

2.6541264057159424	-0.0763092041015625	-1.0311553478240967	-0.0534626729786396

2.659127950668335	-0.081573486328125	-1.056033968925476	-0.08415623009204865

2.6641314029693604	-0.0868988037109375	-1.05839204788208	-0.07909606397151947

2.6691462993621826	-0.091766357421875	-0.9905803203582764	-0.0735715851187706

2.674147844314575	-0.0968780517578125	-1.0291697978973389	-0.07300078123807907

2.6791493892669678	-0.1025543212890625	-1.121869683265686	-0.0651959627866745

2.684152126312256	-0.1088104248046875	-1.196760892868042	-0.04450039193034172

2.6891534328460693	-0.1150665283203125	-1.2588214874267578	-0.04726308211684227

2.694154977798462	-0.1215362548828125	-1.262545108795166	-0.06767493486404419

2.6991629600524902	-0.1276092529296875	-1.2163569927215576	-0.039259135723114014

2.704164743423462	-0.133544921875	-1.1915568113327026	-0.03932538256049156

2.7091665267944336	-0.13934326171875	-1.166074514389038	-0.05551671236753464

2.7141692638397217	-0.1451263427734375	-1.1393975019454956	-0.0716824010014534

2.7191715240478516	-0.1507568359375	-1.1523679494857788	-0.05240807309746742

2.7241737842559814	-0.1564483642578125	-1.1359041929244995	-0.06889577955007553

2.729175567626953	-0.1620025634765625	-1.1161695718765259	-0.06881994754076004

2.7341785430908203	-0.1671905517578125	-1.0102754831314087	-0.056240569800138474

2.7391810417175293	-0.1715850830078125	-0.9236107468605042	-0.06777402013540268

2.7441835403442383	-0.1759796142578125	-0.8861522078514099	-0.05695878714323044

2.7491862773895264	-0.1803741455078125	-0.8701608180999756	-0.07235197722911835

2.754188299179077	-0.184814453125	-0.8766506910324097	-0.06083568558096886

2.759190320968628	-0.1891937255859375	-0.8856108784675598	-0.06941761076450348

2.7641923427581787	-0.1938323974609375	-0.9215852618217468	-0.0572773776948452

2.7691943645477295	-0.198486328125	-0.9424573183059692	-0.06282030045986176

2.774195671081543	-0.2033233642578125	-0.9573430418968201	-0.0707811564207077

2.7791969776153564	-0.20831298828125	-0.9963369369506836	-0.0571976862847805

2.7842211723327637	-0.21343994140625	-1.0147209167480469	-0.10673198848962784

2.789222002029419	-0.2183380126953125	-1.0073904991149902	-0.05303594097495079

2.7942235469818115	-0.22332763671875	-0.9977738857269287	-0.05732869356870651

2.7992260456085205	-0.228515625	-1.0299912691116333	-0.060662634670734406

2.804227828979492	-0.233245849609375	-0.9722007513046265	-0.04756101593375206

2.809230327606201	-0.237762451171875	-0.9008848667144775	-0.07673592120409012

2.814232587814331	-0.2419281005859375	-0.8243182301521301	-0.08373219519853592

2.8192358016967773	-0.246002197265625	-0.8187523484230042	-0.08864627033472061

2.8242368698120117	-0.2503509521484375	-0.8660667538642883	-0.05497921630740166

2.829237937927246	-0.2552490234375	-0.9744911789894104	-0.07443373650312424

2.8342413902282715	-0.2606353759765625	-1.052681803703308	-0.06454324722290039

2.839242935180664	-0.26593017578125	-1.074931025505066	-0.06559328734874725

2.8442444801330566	-0.2711639404296875	-1.0539004802703857	-0.07201357185840607

2.8492486476898193	-0.2767333984375	-1.0859013795852661	-0.05653524398803711

2.854249954223633	-0.281890869140625	-1.051254391670227	-0.06477102637290955

2.8592519760131836	-0.2865447998046875	-0.949478268623352	-0.07769236713647842

2.8642547130584717	-0.291046142578125	-0.90402752161026	-0.07489727437496185

2.8692574501037598	-0.295501708984375	-0.8774675130844116	-0.0783514752984047

2.8742594718933105	-0.3000030517578125	-0.9255817532539368	-0.06396041065454483

2.8792598247528076	-0.3051300048828125	-1.0129696130752563	-0.06872761249542236

2.884263515472412	-0.310699462890625	-1.0789908170700073	-0.06434372812509537

2.8892645835876465	-0.31573486328125	-1.01673424243927	-0.06756085157394409

2.89426589012146	-0.3203125	-0.9296757578849792	-0.07349135726690292

2.8992691040039062	-0.324981689453125	-0.9151445627212524	-0.06962990760803223

2.9042716026306152	-0.3300323486328125	-1.0113515853881836	-0.072784923017025

2.909273386001587	-0.3353729248046875	-1.0707486867904663	-0.04848606139421463

2.914276123046875	-0.3409423828125	-1.0886515378952026	-0.0755973756313324

2.919278860092163	-0.34649658203125	-1.1098307371139526	-0.0746326893568039

2.9242806434631348	-0.3521728515625	-1.129044532775879	-0.06822902709245682

2.929281711578369	-0.3577880859375	-1.1399229764938354	-0.055567070841789246

2.9342849254608154	-0.3633880615234375	-1.114013910293579	-0.05654837563633919

2.939286470413208	-0.36883544921875	-1.0960460901260376	-0.040254440158605576

2.9442880153656006	-0.3742523193359375	-1.0917761325836182	-0.06404196470975876

2.949291229248047	-0.3801422119140625	-1.1396849155426025	-0.042778655886650085

2.9542932510375977	-0.3859710693359375	-1.179528832435608	-0.060666508972644806

2.9592950344085693	-0.3914031982421875	-1.1062030792236328	-0.05695522204041481

2.964297294616699	-0.39630126953125	-0.9770998358726501	-0.07244396954774857

2.969299077987671	-0.4006500244140625	-0.8812002539634705	-0.06099364161491394

2.9743003845214844	-0.40484619140625	-0.8526462316513062	-0.0685858279466629

2.979301929473877	-0.4093170166015625	-0.8855850100517273	-0.06766510009765625

2.984304189682007	-0.4139862060546875	-0.9190446734428406	-0.081197090446949

2.989305019378662	-0.418304443359375	-0.8606577515602112	-0.0639321580529213

2.9943063259124756	-0.4223480224609375	-0.8124412298202515	-0.07635053247213364

2.999309539794922	-0.42645263671875	-0.8217533826828003	-0.0782591700553894

3.0043113231658936	-0.430389404296875	-0.7938690781593323	-0.07785595208406448

3.009312629699707	-0.4342193603515625	-0.7809972167015076	-0.08400566875934601

3.014314889907837	-0.4380340576171875	-0.7564345002174377	-0.08744998276233673

3.019318103790283	-0.4420318603515625	-0.7890707850456238	-0.08311167359352112

3.0243306159973145	-0.4459686279296875	-0.8066546320915222	-0.07072467356920242

3.029331922531128	-0.4504852294921875	-0.9040427803993225	-0.0631265789270401

3.034335136413574	-0.4557342529296875	-1.0167324542999268	-0.06868843734264374

3.0393359661102295	-0.461090087890625	-1.0951082706451416	-0.06511611491441727

3.0443389415740967	-0.4666290283203125	-1.1022498607635498	-0.05378817394375801

3.0493409633636475	-0.471649169921875	-0.9980911612510681	-0.08503778278827667

3.0543439388275146	-0.4759674072265625	-0.8768360018730164	-0.08416896313428879

3.05934476852417	-0.479949951171875	-0.827100932598114	-0.09096500277519226

3.0643470287323	-0.48388671875	-0.7849600911140442	-0.08689411729574203

3.069350004196167	-0.4881591796875	-0.8067045211791992	-0.09439785778522491

3.074521064758301	-0.4921875	-0.8294087648391724	-0.09200416505336761

3.080396890640259	-0.49713134765625	-0.8454581499099731	-0.08137612044811249

3.0853989124298096	-0.5020294189453125	-0.9609293937683105	-0.06748909503221512

3.0904006958007812	-0.507659912109375	-1.1098724603652954	-0.07661673426628113

3.0954036712646484	-0.5137939453125	-1.1989785432815552	-0.07571767270565033

3.1034135818481445	-0.5236053466796875	-1.209505558013916	-0.07467194646596909

3.108416795730591	-0.5297088623046875	-1.22838294506073	-0.0459698922932148

3.113419532775879	-0.5362701416015625	-1.2905157804489136	-0.06467235833406448

3.1184229850769043	-0.5423431396484375	-1.2242414951324463	-0.07551944255828857

3.1234259605407715	-0.548187255859375	-1.1854469776153564	-0.07103178650140762

3.128427505493164	-0.5541534423828125	-1.1921533346176147	-0.06721414625644684

3.1334311962127686	-0.5600738525390625	-1.1801702976226807	-0.06130385771393776

3.1384339332580566	-0.5660858154296875	-1.2079322338104248	-0.05539413541555405

3.143437623977661	-0.5721435546875	-1.2093403339385986	-0.061181895434856415

3.1484389305114746	-0.578155517578125	-1.2099508047103882	-0.05201933905482292

3.153441905975342	-0.5845184326171875	-1.2457109689712524	-0.023007309064269066

3.158444404602051	-0.591033935546875	-1.2945140600204468	-0.040943700820207596

3.1634461879730225	-0.597137451171875	-1.2312207221984863	-0.049150630831718445

3.1684491634368896	-0.603363037109375	-1.2375762462615967	-0.03374665603041649

3.1734509468078613	-0.610015869140625	-1.3182038068771362	-0.02676968462765217

3.178452491760254	-0.6164093017578125	-1.2924290895462036	-0.05195498839020729

3.1834557056427	-0.62213134765625	-1.1425871849060059	-0.06643646955490112

3.1884572505950928	-0.6269683837890625	-1.0015660524368286	-0.0570497028529644

3.1934611797332764	-0.6312255859375	-0.8176919221878052	-0.07965069264173508

3.1984636783599854	-0.6346435546875	-0.7566540837287903	-0.05670144036412239

3.2034668922424316	-0.63800048828125	-0.6852109432220459	-0.07962580770254135

3.208468198776245	-0.6410369873046875	-0.6261150240898132	-0.08147711306810379

3.213470458984375	-0.6443023681640625	-0.6439329981803894	-0.08071504533290863

3.218472480773926	-0.6474609375	-0.6319320797920227	-0.0788164883852005

3.2234742641448975	-0.65118408203125	-0.7299479842185974	-0.05574391409754753

3.228475570678711	-0.655364990234375	-0.8388921618461609	-0.080951027572155

3.23347806930542	-0.6602020263671875	-0.9423702955245972	-0.05281395465135574

3.2384798526763916	-0.66522216796875	-0.9948004484176636	-0.08593599498271942

3.2434818744659424	-0.6700592041015625	-0.9691017270088196	-0.06887087225914001

3.2484853267669678	-0.67510986328125	-0.9808639287948608	-0.07224254310131073

3.2534871101379395	-0.6799163818359375	-0.9761155247688293	-0.07039827853441238

3.258488178253174	-0.6845550537109375	-0.9399908781051636	-0.06429213285446167

3.2634897232055664	-0.6888885498046875	-0.8700582385063171	-0.07708727568387985

3.2684919834136963	-0.692901611328125	-0.8053009510040283	-0.09157418459653854

3.2734944820404053	-0.696441650390625	-0.7151835560798645	-0.0899733230471611

3.2784955501556396	-0.700103759765625	-0.7272014021873474	-0.08953065425157547

3.2835052013397217	-0.70343017578125	-0.6782886981964111	-0.09950079023838043

3.288506507873535	-0.7068634033203125	-0.6979560852050781	-0.09877936542034149

3.2935140132904053	-0.7103118896484375	-0.6923340559005737	-0.11718238145112991

3.298516273498535	-0.713623046875	-0.6567290425300598	-0.1251288801431656

3.303518295288086	-0.7167510986328125	-0.6450403928756714	-0.10211512446403503

3.3085198402404785	-0.7197418212890625	-0.6028605699539185	-0.12204524874687195

3.313520669937134	-0.722686767578125	-0.6098320484161377	-0.10963332653045654

3.318523645401001	-0.7262725830078125	-0.6958895921707153	-0.10130293667316437

3.323523998260498	-0.7300262451171875	-0.7434331774711609	-0.10019101947546005

3.3285253047943115	-0.734405517578125	-0.8530137538909912	-0.09205468744039536

3.333528518676758	-0.7390594482421875	-0.9192219972610474	-0.10268397629261017

3.3385305404663086	-0.7440185546875	-0.9998531937599182	-0.09324373304843903

3.3435323238372803	-0.74957275390625	-1.110206961631775	-0.06608796864748001

3.3485350608825684	-0.756195068359375	-1.2725188732147217	-0.08065113425254822

3.353537082672119	-0.7626800537109375	-1.304215431213379	-0.1072995588183403

3.3585381507873535	-0.768829345703125	-1.2429674863815308	-0.06230183318257332

3.363539934158325	-0.774871826171875	-1.2108001708984375	-0.06778254359960556

3.3685426712036133	-0.78076171875	-1.1800775527954102	-0.09578203409910202

3.373544454574585	-0.7866668701171875	-1.1732064485549927	-0.09973707795143127

3.3785452842712402	-0.79248046875	-1.1752870082855225	-0.05697096511721611

3.3835489749908447	-0.798736572265625	-1.2234827280044556	-0.06557583808898926

3.3885512351989746	-0.8053131103515625	-1.3129786252975464	-0.0697052851319313

3.393552303314209	-0.812286376953125	-1.4046592712402344	-0.07290475070476532

3.398554563522339	-0.8191070556640625	-1.3603343963623047	-0.06997725367546082

3.4035568237304688	-0.8254852294921875	-1.2882511615753174	-0.04097149148583412

3.4085583686828613	-0.8320465087890625	-1.2976601123809814	-0.06849057972431183

3.4135594367980957	-0.8383026123046875	-1.2480753660202026	-0.06767132878303528

3.4185616970062256	-0.844146728515625	-1.1619454622268677	-0.061292897909879684

3.423563003540039	-0.84967041015625	-1.11542809009552	-0.05567280948162079

3.4285638332366943	-0.8551483154296875	-1.113356590270996	-0.0741666629910469

3.433605670928955	-0.8611297607421875	-1.1052839756011963	-0.05629417672753334

3.4386072158813477	-0.8660888671875	-1.0603450536727905	-0.061022236943244934

3.4436087608337402	-0.8709564208984375	-0.9848907589912415	-0.08178889751434326

3.448612689971924	-0.875885009765625	-0.9753212332725525	-0.05243359133601189

3.4536144733428955	-0.8804168701171875	-0.9220660328865051	-0.07435467839241028

3.458616018295288	-0.8851165771484375	-0.9304085373878479	-0.07121327519416809

3.463618516921997	-0.889678955078125	-0.9094016551971436	-0.06821171939373016

3.468621015548706	-0.8944854736328125	-0.9510860443115234	-0.07584116607904434

3.473623275756836	-0.8994293212890625	-0.999818742275238	-0.04760803282260895

3.478623390197754	-0.9046783447265625	-1.0612956285476685	-0.07226333767175674

3.483654022216797	-0.9104461669921875	-1.1097255945205688	-0.061740387231111526

3.4886550903320312	-0.91571044921875	-1.0684770345687866	-0.05652553215622902

3.4936575889587402	-0.9205780029296875	-0.9869848489761353	-0.08710470050573349

3.4986627101898193	-0.9251861572265625	-0.9085134267807007	-0.069081611931324

3.503664493560791	-0.929290771484375	-0.8242426514625549	-0.08945797383785248

3.508666515350342	-0.93304443359375	-0.7627875804901123	-0.07284198701381683

3.513667106628418	-0.936187744140625	-0.6595444679260254	-0.08093350380659103

3.518670082092285	-0.9390716552734375	-0.5818357467651367	-0.09346563369035721

3.5236706733703613	-0.9412384033203125	-0.4482755959033966	-0.09036605805158615

3.528672218322754	-0.9430999755859375	-0.3899063467979431	-0.07768277078866959

3.5336756706237793	-0.9447174072265625	-0.33297237753868103	-0.08252256363630295

3.538677453994751	-0.9463043212890625	-0.3289204239845276	-0.0747901052236557

3.5436794757843018	-0.947784423828125	-0.3003194332122803	-0.0779024213552475

3.548682928085327	-0.948822021484375	-0.21357032656669617	-0.08554383367300034

3.5536844730377197	-0.949462890625	-0.14160482585430145	-0.0808594673871994

3.558687210083008	-0.949737548828125	-0.07546868920326233	-0.07749709486961365

3.5636892318725586	-0.9497222900390625	-0.006820997688919306	-0.09286216646432877

3.5686914920806885	-0.949737548828125	-0.004845967050641775	-0.09324471652507782

3.57369327545166	-0.9497222900390625	0.0032643761951476336	-0.08864006400108337

3.5786943435668945	-0.9497528076171875	-0.0029509395826607943	-0.0809704139828682

3.5836973190307617	-0.949798583984375	-0.016278881579637527	-0.0771191269159317

3.588698625564575	-0.9497222900390625	0.003187508089467883	-0.08134680241346359

3.593700647354126	-0.9497528076171875	-0.0017037958605214953	-0.08134052902460098

3.598703384399414	-0.949737548828125	0.007416809909045696	-0.0771275982260704

3.603705644607544	-0.9497528076171875	-0.002106958767399192	-0.08939851820468903

3.6087076663970947	-0.9497528076171875	-9.564580977894366e-06	-0.08940083533525467

3.61370849609375	-0.949798583984375	-0.0117201441898942	-0.08449625223875046

3.6187119483947754	-0.94970703125	0.01035661157220602	-0.08557520061731339

3.623713254928589	-0.9497222900390625	0.007405831012874842	-0.08863756060600281

3.6287143230438232	-0.94976806640625	-0.009156833402812481	-0.08482445776462555

3.6337175369262695	-0.9497528076171875	-0.004122774116694927	-0.07749638706445694

3.638718605041504	-0.9497222900390625	0.008081958629190922	-0.07636093348264694

3.6437203884124756	-0.9496917724609375	0.015138113871216774	-0.08981181681156158

3.648723840713501	-0.949737548828125	0.0002665369538590312	-0.08171603828668594

3.6537256240844727	-0.9497833251953125	-0.010471430607140064	-0.08027638494968414

3.6587276458740234	-0.94970703125	0.012192035093903542	-0.09244729578495026

3.6637284755706787	-0.94976806640625	-0.012209582142531872	-0.08482998609542847

3.6687307357788086	-0.949676513671875	0.02311040833592415	-0.09365106374025345

3.673733711242676	-0.9497833251953125	-0.007697906345129013	-0.0767722874879837

3.6787352561950684	-0.94970703125	0.0071187699213624	-0.08901684731245041

3.683739185333252	-0.949737548828125	-0.002866199938580394	-0.07675150781869888

3.6887407302856445	-0.949798583984375	-0.02443939633667469	-0.08098050951957703

3.693741798400879	-0.949737548828125	-0.0030199347529560328	-0.08902746438980103

3.698744297027588	-0.949737548828125	-0.005729133263230324	-0.0851854458451271

3.703752279281616	-0.9497833251953125	-0.018526840955018997	-0.08483877778053284

3.7087531089782715	-0.9497528076171875	-0.0032819092739373446	-0.09782708436250687

3.7137556076049805	-0.9497528076171875	-0.00594247505068779	-0.09324530512094498

3.718759536743164	-0.9496917724609375	0.014664383605122566	-0.08518518507480621

3.7237601280212402	-0.9496917724609375	0.015444048680365086	-0.08981574326753616

3.7287614345550537	-0.9497833251953125	-0.012796256691217422	-0.07326500117778778

3.733765125274658	-0.949737548828125	0.001479202532209456	-0.08518542349338531

3.738767623901367	-0.9497833251953125	-0.006146400235593319	-0.08483171463012695

3.7437691688537598	-0.9497222900390625	0.0016047031385824084	-0.09362637251615524

3.7487716674804688	-0.94970703125	0.013534902594983578	-0.08980818837881088

3.7537729740142822	-0.949798583984375	-0.009089341387152672	-0.08484034985303879

3.7587740421295166	-0.9497528076171875	-0.0041650948114693165	-0.08555469661951065

3.76377534866333	-0.94976806640625	-0.0052694822661578655	-0.08518457412719727

3.7687783241271973	-0.9497528076171875	-0.006944885011762381	-0.09288044273853302

3.7737786769866943	-0.949737548828125	-0.003391711041331291	-0.07636820524930954

3.778780460357666	-0.949737548828125	-0.001683361129835248	-0.08902940154075623

3.783782720565796	-0.94970703125	0.011018654331564903	-0.08095955103635788

3.7887840270996094	-0.9497528076171875	-0.0038136960938572884	-0.08940084278583527

3.7937850952148438	-0.9497222900390625	0.006329723168164492	-0.08557484298944473

3.798788070678711	-0.9497222900390625	0.0052488697692751884	-0.08518567681312561

3.803790330886841	-0.94970703125	0.008905581198632717	-0.09402485936880112

3.8087916374206543	-0.9497222900390625	0.005893617868423462	-0.08940870314836502

3.8138010501861572	-0.949737548828125	0.001458815997466445	-0.08556227385997772

3.8187968730926514	-0.9496917724609375	0.009245998226106167	-0.08820552378892899

3.823798179626465	-0.9497528076171875	-0.0013476443709805608	-0.08133823424577713

3.8287994861602783	-0.9497222900390625	0.006786230485886335	-0.07751677930355072

3.8338029384613037	-0.949798583984375	-0.012267585843801498	-0.08165650814771652

3.8388054370880127	-0.9497528076171875	-0.0005334749585017562	-0.08171046525239944

3.8438103199005127	-0.94970703125	0.0115630142390728	-0.08557557314634323

3.8488106727600098	-0.94970703125	0.0016878534806892276	-0.08558011054992676

3.853813409805298	-0.9497222900390625	-0.001005658064968884	-0.08173191547393799

3.8588154315948486	-0.9497528076171875	-0.005871862638741732	-0.08170571178197861

3.8638174533843994	-0.949737548828125	0.002447121776640415	-0.08518561720848083

3.86881947517395	-0.949798583984375	-0.010460404679179192	-0.07780826836824417

3.873821496963501	-0.9497833251953125	-0.011602440848946571	-0.09254443645477295

3.878821849822998	-0.9496917724609375	0.013111351057887077	-0.08438225090503693

3.8838276863098145	-0.9497528076171875	-0.0067362356930971146	-0.08903347700834274

3.8888304233551025	-0.9497833251953125	-0.010228230617940426	-0.0883319079875946

3.893832206726074	-0.94970703125	0.01541895978152752	-0.0817466601729393

3.8988354206085205	-0.949737548828125	-0.0023845736868679523	-0.08865462243556976

3.9038376808166504	-0.9497222900390625	0.003229917958378792	-0.09324320405721664

3.908839225769043	-0.94976806640625	-0.01096239686012268	-0.08482804894447327

3.9138407707214355	-0.9497222900390625	0.005688122007995844	-0.08863984793424606

3.9188435077667236	-0.949737548828125	0.01154576800763607	-0.08096477389335632

3.9238452911376953	-0.9497528076171875	0.0007842712220735848	-0.08903218060731888

3.928846597671509	-0.94976806640625	-0.007958265952765942	-0.08939563482999802

3.933849573135376	-0.9496917724609375	0.015343672595918179	-0.08095803111791611

3.9388508796691895	-0.9497528076171875	-0.004086639266461134	-0.08629061281681061

3.943852424621582	-0.949737548828125	0.0006383820436894894	-0.08518552780151367

3.9488563537597656	-0.9497528076171875	-0.002665370237082243	-0.0851849764585495

3.9538583755493164	-0.9498291015625	-0.022727875038981438	-0.09291790425777435

3.95885968208313	-0.949737548828125	0.0020267039071768522	-0.08594022691249847

3.9638617038726807	-0.94970703125	0.008102398365736008	-0.08941115438938141

3.9688639640808105	-0.949737548828125	-0.004066252149641514	-0.10167673975229263

3.9738662242889404	-0.94970703125	0.013467456214129925	-0.09746827185153961

3.978867530822754	-0.9497528076171875	-0.009716825559735298	-0.08059962093830109

3.983870506286621	-0.9496917724609375	0.018703877925872803	-0.09323989599943161

3.988875150680542	-0.94976806640625	-0.009853307157754898	-0.09360235929489136

3.9938766956329346	-0.94970703125	0.006825443357229233	-0.07251416146755219

3.9988794326782227	-0.949737548828125	0.004640195518732071	-0.09746286273002625

4.003882646560669	-0.949737548828125	-0.002266923664137721	-0.09708401560783386

4.008883714675903	-0.9497528076171875	-0.0061307079158723354	-0.07327749580144882

4.013885498046875	-0.9497833251953125	-0.011087901890277863	-0.08063120394945145

4.0188891887664795	-0.9497222900390625	0.005330435931682587	-0.05256956070661545

4.023890733718872	-0.9496307373046875	0.026801662519574165	-0.052541621029376984

4.028892278671265	-0.949737548828125	-0.017243606969714165	-0.0529475100338459

4.033894300460815	-0.94964599609375	0.009619344025850296	-0.036445602774620056

4.038896560668945	-0.949676513671875	-0.00045975862303748727	-0.028803426772356033

4.043897867202759	-0.949676513671875	-0.0029132540803402662	-0.027981765568256378

4.048901557922363	-0.94964599609375	0.0039028851315379143	-0.0038145745638757944

4.053905010223389	-0.949676513671875	-0.007517477497458458	-0.0004170892061665654

4.058906316757202	-0.9496307373046875	0.007718040607869625	-0.004245532210916281

4.063907623291016	-0.9495697021484375	0.0011387784034013748	0.019873598590493202

4.06891131401062	-0.949493408203125	0.020250637084245682	0.03317844867706299

4.073911666870117	-0.949493408203125	0.0066120922565460205	0.028900984674692154

4.078912734985352	-0.9494171142578125	0.020967554301023483	0.05731242522597313

4.0839152336120605	-0.94940185546875	0.006202647928148508	0.05617673695087433

4.088917970657349	-0.9490966796875	0.05089893937110901	0.053748004138469696

4.093919515609741	-0.9486846923828125	0.08619227260351181	0.060254424810409546

4.098922967910767	-0.948211669921875	0.10251487791538239	0.06605854630470276

4.103926658630371	-0.9474029541015625	0.15227344632148743	0.06582853943109512

4.108928442001343	-0.9464263916015625	0.19818085432052612	0.07466281950473785

4.113929986953735	-0.9453277587890625	0.21751394867897034	0.07887430489063263

4.118934154510498	-0.94403076171875	0.25288718938827515	0.0695776417851448

4.123934745788574	-0.9424591064453125	0.31871411204338074	0.08051624149084091

4.128936529159546	-0.9403533935546875	0.4056534469127655	0.0773225724697113

4.133939027786255	-0.9376068115234375	0.523463785648346	0.06266327947378159

4.138940095901489	-0.9343719482421875	0.6426355242729187	0.06874921917915344

4.143941402435303	-0.930694580078125	0.7358790040016174	0.0806884914636612

4.148945093154907	-0.926025390625	0.8861478567123413	0.053384628146886826

4.153947591781616	-0.9211578369140625	0.9587015509605408	0.06986408680677414

4.158949375152588	-0.9158172607421875	1.0465893745422363	0.05683237686753273

4.163951635360718	-0.9105377197265625	1.0586047172546387	0.06916933506727219

4.1689558029174805	-0.905364990234375	1.0195180177688599	0.07976926863193512

4.173956394195557	-0.90081787109375	0.9373885989189148	0.068512462079525

4.17895770072937	-0.8965301513671875	0.8599531054496765	0.09606342762708664

4.183959722518921	-0.8925323486328125	0.8048686981201172	0.07721677422523499

4.188961505889893	-0.8885650634765625	0.7924646735191345	0.08177917450666428

4.193962812423706	-0.8848419189453125	0.7440131306648254	0.07596976310014725

4.19896674156189	-0.88092041015625	0.7757954597473145	0.09136847406625748

4.203968524932861	-0.8770599365234375	0.7742830514907837	0.09256651997566223

4.208970785140991	-0.8732147216796875	0.764685332775116	0.0955435112118721

4.213972568511963	-0.869110107421875	0.8169602751731873	0.07743695378303528

4.2189741134643555	-0.8647613525390625	0.8657740354537964	0.0824463814496994

4.223975896835327	-0.8599090576171875	0.9533407092094421	0.08306064456701279

4.228977680206299	-0.8551025390625	0.9734254479408264	0.10761688649654388

4.233981370925903	-0.8499298095703125	1.0069916248321533	0.09869403392076492

4.238983869552612	-0.8446044921875	1.0607414245605469	0.0698031634092331

4.243985176086426	-0.8389739990234375	1.12333083152771	0.10301604121923447

4.248987436294556	-0.833221435546875	1.1468086242675781	0.0712050348520279

4.2539894580841064	-0.8274383544921875	1.1410737037658691	0.07077457755804062

4.258991003036499	-0.82196044921875	1.0957518815994263	0.09797345101833344

4.263992547988892	-0.81658935546875	1.0929160118103027	0.06820297241210938

4.268995761871338	-0.8109588623046875	1.1142725944519043	0.08249063789844513

4.27399754524231	-0.80548095703125	1.096060872077942	0.08430073410272598

4.27899956703186	-0.8003387451171875	1.0284178256988525	0.08942873030900955

4.284002780914307	-0.795654296875	0.9516816735267639	0.09175129979848862

4.289004802703857	-0.7912750244140625	0.9000152945518494	0.07944228500127792

4.294007062911987	-0.7869415283203125	0.876201868057251	0.0855318009853363

4.299009799957275	-0.782440185546875	0.8979074358940125	0.06860116124153137

4.304012298583984	-0.777587890625	0.9590706825256348	0.07636605948209763

4.309013843536377	-0.772613525390625	1.0034799575805664	0.07454384118318558

4.314016580581665	-0.7672119140625	1.0584243535995483	0.07124726474285126

4.319018840789795	-0.7615966796875	1.1374775171279907	0.06031995639204979

4.324019908905029	-0.7556915283203125	1.1657384634017944	0.07935713976621628

4.329020977020264	-0.75	1.1318963766098022	0.08297937363386154

4.334023475646973	-0.744781494140625	1.0626119375228882	0.06852281093597412

4.339025497436523	-0.739776611328125	1.0125652551651	0.07657066732645035

4.344026803970337	-0.7347869873046875	1.013321042060852	0.07289885729551315

4.3490309715271	-0.7296905517578125	1.0030802488327026	0.06874514371156693

4.354032754898071	-0.72467041015625	1.036373257637024	0.05979296565055847

4.359033823013306	-0.719573974609375	1.0258015394210815	0.06310157477855682

4.3640360832214355	-0.7141876220703125	1.0728137493133545	0.06967482715845108

4.369058609008789	-0.70831298828125	1.1507222652435303	0.07177499681711197

4.374059677124023	-0.7022552490234375	1.217755913734436	0.056507036089897156

4.379060983657837	-0.6956939697265625	1.3149609565734863	0.05697596073150635

4.384064197540283	-0.688690185546875	1.3663753271102905	0.03611672297120094

4.389065742492676	-0.681671142578125	1.430575966835022	0.05202450975775719

4.3940675258636475	-0.6746063232421875	1.4020086526870728	0.039763133972883224

4.399070739746094	-0.6678314208984375	1.347254753112793	0.04889637604355812

4.404072523117065	-0.6614227294921875	1.2963263988494873	0.03743833303451538

4.409074068069458	-0.655364990234375	1.226131796836853	0.05976145341992378

4.414075136184692	-0.6500244140625	1.0836409330368042	0.0687461569905281

4.419077396392822	-0.6451263427734375	0.9861083626747131	0.04750823974609375

4.424079179763794	-0.64019775390625	0.9794491529464722	0.07736986130475998

4.4290807247161865	-0.635284423828125	0.9795401096343994	0.061528801918029785

4.434098482131958	-0.63031005859375	0.9807794094085693	0.061534229665994644

4.439099550247192	-0.6253509521484375	1.0077396631240845	0.036480098962783813

4.444101333618164	-0.61968994140625	1.1012639999389648	0.03510941192507744

4.449105978012085	-0.613861083984375	1.153136968612671	0.05021267011761665

4.454108715057373	-0.6080169677734375	1.1690661907196045	0.05281701683998108

4.459109783172607	-0.6027069091796875	1.076306700706482	0.04899051412940025

4.464111328125	-0.598236083984375	0.9253868460655212	0.057553838938474655

4.469113826751709	-0.5938873291015625	0.8703319430351257	0.06035541370511055

4.474115610122681	-0.5897674560546875	0.8419740796089172	0.05073297768831253

4.4791178703308105	-0.58551025390625	0.8372552394866943	0.049730025231838226

4.484121322631836	-0.58148193359375	0.7777277827262878	0.07676533609628677

4.48912239074707	-0.5782318115234375	0.6845589876174927	0.07323910295963287

4.494124174118042	-0.5753936767578125	0.5823484063148499	0.09262339025735855

4.499162912368774	-0.5727081298828125	0.5417968034744263	0.09562556445598602

4.504164934158325	-0.5699462890625	0.5679993629455566	0.07601737231016159

4.509167194366455	-0.566925048828125	0.6020549535751343	0.09007575362920761

4.514167308807373	-0.5636749267578125	0.648019015789032	0.09127190709114075

4.519170761108398	-0.5600433349609375	0.7036870718002319	0.08644275367259979

4.524171590805054	-0.556549072265625	0.7156122326850891	0.10766236484050751

4.529173135757446	-0.552947998046875	0.7127833962440491	0.08509203046560287

4.534175872802734	-0.5488433837890625	0.7845320701599121	0.08855810761451721

4.539177417755127	-0.5447845458984375	0.8100160360336304	0.08900254964828491

4.5441789627075195	-0.54022216796875	0.9060744047164917	0.07246723771095276

4.549181222915649	-0.5355377197265625	0.9308633208274841	0.07814408093690872

4.554183483123779	-0.5306396484375	0.9635432362556458	0.08736344426870346

4.559184789657593	-0.52593994140625	0.9663389325141907	0.08856194466352463

4.5641865730285645	-0.52105712890625	0.976587176322937	0.08462746441364288

4.56919002532959	-0.5160064697265625	1.0071048736572266	0.08644755184650421

4.574190616607666	-0.510650634765625	1.0640956163406372	0.08139172941446304

4.5791916847229	-0.50518798828125	1.0778049230575562	0.08409881591796875

4.584195137023926	-0.5002593994140625	0.9559998512268066	0.10284250229597092

4.589196443557739	-0.4957122802734375	0.9311167597770691	0.08686670660972595

4.594198703765869	-0.49102783203125	0.9464417695999146	0.12376768887042999

4.599202871322632	-0.486175537109375	0.9482914805412292	0.07284723967313766

4.604206085205078	-0.4811553955078125	1.0226210355758667	0.07947757095098495

4.6092071533203125	-0.4755401611328125	1.1259024143218994	0.07013209164142609

4.614208698272705	-0.469207763671875	1.2608197927474976	0.05033526569604874

4.619211673736572	-0.462066650390625	1.361856460571289	0.061559319496154785

4.624213218688965	-0.4552154541015625	1.3842389583587646	0.05830321088433266

4.629214525222778	-0.448760986328125	1.3079591989517212	0.07198675721883774

4.63421893119812	-0.4424591064453125	1.2506550550460815	0.07465782761573792

4.63922119140625	-0.436431884765625	1.219746708869934	0.05247900262475014

4.6442224979400635	-0.43035888671875	1.2323267459869385	0.05605630576610565

4.64922571182251	-0.4238433837890625	1.2528985738754272	0.0678897276520729

4.6542277336120605	-0.4176788330078125	1.2499366998672485	0.04919722303748131

4.659229755401611	-0.411285400390625	1.276589035987854	0.04046906530857086

4.664232492446899	-0.4049835205078125	1.2502580881118774	0.04258156567811966

4.669234037399292	-0.3989715576171875	1.203940987586975	0.06765510886907578

4.674235820770264	-0.392913818359375	1.2413328886032104	0.045829374343156815

4.679236888885498	-0.3867645263671875	1.2237802743911743	0.04399590194225311

4.684239149093628	-0.3804931640625	1.2061625719070435	0.04935280978679657

4.689242124557495	-0.3751678466796875	1.10323965549469	0.0544215589761734

4.694244861602783	-0.3702850341796875	0.9903490543365479	0.06760670989751816

4.699250221252441	-0.3654022216796875	0.9600930213928223	0.060575008392333984

4.704251766204834	-0.36065673828125	0.9717061519622803	0.044176939874887466

4.709253787994385	-0.3556976318359375	0.9977924823760986	0.05197666585445404

4.714254379272461	-0.3507080078125	1.0034428834915161	0.06274829804897308

4.71925687789917	-0.345458984375	1.020542860031128	0.04579931125044823

4.724259614944458	-0.34075927734375	0.9733040928840637	0.06770280748605728

4.729260683059692	-0.3362579345703125	0.9073653221130371	0.051863908767700195

4.734310626983643	-0.3318328857421875	0.8493532538414001	0.08036406338214874

4.739312648773193	-0.328033447265625	0.7894431352615356	0.06218767166137695

4.744314432144165	-0.324554443359375	0.7010435461997986	0.0886823982000351

4.749317407608032	-0.320953369140625	0.716373085975647	0.07185950130224228

4.754319429397583	-0.317230224609375	0.7568527460098267	0.06702932715415955

4.7593207359313965	-0.3129730224609375	0.8378812670707703	0.07330826669931412

4.764322280883789	-0.3081512451171875	0.9476814270019531	0.060926903039216995

4.769324541091919	-0.3032989501953125	0.9391252398490906	0.05965539813041687

4.77432656288147	-0.298797607421875	0.9101132750511169	0.09182684868574142

4.779327630996704	-0.294525146484375	0.8703115582466125	0.06247732788324356

4.784329891204834	-0.290130615234375	0.8736168742179871	0.08842641860246658

4.789332389831543	-0.285369873046875	0.9450222253799438	0.06064027547836304

4.7943339347839355	-0.280029296875	1.0581462383270264	0.05667680501937866

4.7993364334106445	-0.2744598388671875	1.0925474166870117	0.06807494163513184

4.804338455200195	-0.2686920166015625	1.134156346321106	0.06819860637187958

4.80933952331543	-0.26324462890625	1.1036248207092285	0.05629635602235794

4.814342260360718	-0.257537841796875	1.1205974817276	0.0748070776462555

4.819360256195068	-0.2519989013671875	1.0970039367675781	0.07228157669305801

4.8243632316589355	-0.2447357177734375	1.0503782033920288	0.056840572506189346

4.829365968704224	-0.2415924072265625	1.0452734231948853	0.06035755202174187

4.837261199951172	-0.232757568359375	1.135951042175293	0.05048062279820442

4.843405485153198	-0.2256622314453125	1.166630506515503	0.0435200035572052

4.848409414291382	-0.2199554443359375	1.132712960243225	0.04149031639099121

4.853516340255737	-0.214202880859375	1.1268393993377686	0.05845560505986214

4.858518838882446	-0.2089080810546875	1.078844666481018	0.05727594718337059

4.863521575927734	-0.203369140625	1.095763921737671	0.043848343193531036

4.868524551391602	-0.197784423828125	1.109147548675537	0.059129007160663605

4.873527526855469	-0.1922454833984375	1.0965713262557983	0.05208086222410202

4.878530502319336	-0.186798095703125	1.094307541847229	0.03818846493959427

4.883533954620361	-0.181610107421875	1.0304274559020996	0.05147191509604454

4.888536691665649	-0.17626953125	1.0589830875396729	0.04045269265770912

4.893540859222412	-0.1712188720703125	1.0206372737884521	0.05784841626882553

4.898543119430542	-0.165924072265625	1.0621556043624878	0.05351904034614563

4.9035468101501465	-0.160400390625	1.1102557182312012	0.033860061317682266

4.908548355102539	-0.154754638671875	1.1322170495986938	0.050991177558898926

4.913549423217773	-0.1495208740234375	1.0527878999710083	0.05969562381505966

4.918551921844482	-0.144317626953125	1.011582374572754	0.05937514826655388

4.923552989959717	-0.13958740234375	0.9736030697822571	0.0720660611987114

4.928555011749268	-0.1350860595703125	0.9195473790168762	0.04499267041683197

4.933558702468872	-0.1303863525390625	0.9188113808631897	0.05637967586517334

4.938561677932739	-0.126007080078125	0.8988319635391235	0.045002371072769165

4.943563461303711	-0.1214599609375	0.9138601422309875	0.05611012503504753

4.948566198348999	-0.1167449951171875	0.9164910912513733	0.05869570001959801

4.953569412231445	-0.1120758056640625	0.9247503280639648	0.05283588543534279

4.95857048034668	-0.1079254150390625	0.8546733260154724	0.06052146479487419

4.963572025299072	-0.104034423828125	0.7904214859008789	0.0744590014219284

4.968574285507202	-0.10040283203125	0.7238487601280212	0.08094513416290283

4.9735753536224365	-0.0971221923828125	0.6666780710220337	0.08713014423847198

4.97857666015625	-0.0937652587890625	0.6709560751914978	0.08051612228155136

4.983579635620117	-0.09039306640625	0.6579890847206116	0.06485938280820847

4.988582611083984	-0.0868682861328125	0.7094044089317322	0.06121784448623657

4.993584632873535	-0.0828857421875	0.7706619501113892	0.06963156163692474

4.998588800430298	-0.07861328125	0.8317436575889587	0.0728897750377655

5.003591060638428	-0.0742950439453125	0.8579899668693542	0.0791206881403923

5.00859260559082	-0.0702056884765625	0.8292446732521057	0.08432208746671677

5.013593673706055	-0.0660400390625	0.8442546725273132	0.09055355191230774