Czas:	Pozycja:	Predkosc:	Moment:


6.198883056640625e-06	0.0	0.017411552369594574	0.0

0.005007743835449219	-3.0517578125e-05	0.0005351289291866124	0.0

0.010009288787841797	-1.52587890625e-05	0.010047921910881996	0.0

0.015010833740234375	-4.57763671875e-05	-0.00378201762214303	0.013996714726090431

0.020012617111206055	-1.52587890625e-05	-0.0004955232725478709	0.03017609938979149

0.02501392364501953	0.0	-0.006105308886617422	0.02550002746284008

0.030014753341674805	6.103515625e-05	0.013834839686751366	0.04663143679499626

0.035016536712646484	1.52587890625e-05	-0.007038699928671122	0.055973272770643234

0.04001784324645996	0.000152587890625	0.022233830764889717	0.053827326744794846

0.045018672943115234	6.103515625e-05	-0.01359129324555397	0.06816688179969788

0.05002117156982422	0.000152587890625	0.0022591659799218178	0.07666745781898499

0.055022478103637695	0.0001983642578125	0.009345123544335365	0.08334436267614365

0.06002354621887207	0.000274658203125	0.012041780166327953	0.0957389697432518

0.06502604484558105	0.000396728515625	0.02573838084936142	0.10372945666313171

0.07003521919250488	0.0007476806640625	0.06932089477777481	0.10108587890863419

0.07503628730773926	0.00146484375	0.14635027945041656	0.0950344055891037

0.08003783226013184	0.0026397705078125	0.23475459218025208	0.10309752821922302

0.08504891395568848	0.0042877197265625	0.3138076663017273	0.10079445689916611

0.09004998207092285	0.006622314453125	0.44824352860450745	0.11471226066350937

0.09505081176757812	0.00927734375	0.52851402759552	0.10395842790603638

0.10005307197570801	0.0126495361328125	0.6419256329536438	0.0894625261425972

0.10505414009094238	0.0167388916015625	0.7913442850112915	0.09019415080547333

0.11005544662475586	0.0210723876953125	0.8640581369400024	0.08829334378242493

0.11505746841430664	0.0263824462890625	1.0085458755493164	0.07183202356100082

0.12005901336669922	0.0321044921875	1.1232985258102417	0.085439033806324

0.12509536743164062	0.038543701171875	1.251394510269165	0.06695577502250671

0.1300971508026123	0.0453033447265625	1.3388562202453613	0.05249428004026413

0.13510560989379883	0.0524444580078125	1.4136220216751099	0.05248086154460907

0.1401064395904541	0.05926513671875	1.3854349851608276	0.06927675008773804

0.14510750770568848	0.0660247802734375	1.3577167987823486	0.06854415684938431

0.15010881423950195	0.0724945068359375	1.288017988204956	0.05253879725933075

0.15511035919189453	0.0786895751953125	1.2465323209762573	0.06792197376489639

0.1601114273071289	0.084381103515625	1.1609785556793213	0.07672678679227829

0.165114164352417	0.0902557373046875	1.1577341556549072	0.0665268748998642

0.17011618614196777	0.0960693359375	1.1252522468566895	0.06642754375934601

0.17511773109436035	0.101043701171875	1.037392497062683	0.08567841351032257

0.18011927604675293	0.1056365966796875	0.9221660494804382	0.06937200576066971

0.1851208209991455	0.109954833984375	0.8910143971443176	0.07636995613574982

0.1901228427886963	0.1142578125	0.880339503288269	0.0763581320643425

0.19512367248535156	0.1190338134765625	0.9485089778900146	0.0623910129070282

0.20012545585632324	0.1239471435546875	0.9709509015083313	0.07441022247076035

0.20512771606445312	0.128997802734375	1.0054956674575806	0.07736723124980927

0.2101287841796875	0.134033203125	1.0182758569717407	0.08129259198904037

0.21513056755065918	0.139404296875	1.0390161275863647	0.08204613626003265

0.22013211250305176	0.1446533203125	1.073351263999939	0.0521949864923954

0.22513365745544434	0.1500396728515625	1.0580412149429321	0.07045277953147888

0.23013544082641602	0.15509033203125	1.0122934579849243	0.06445314735174179

0.2351377010345459	0.1595916748046875	0.9206748604774475	0.07831265032291412

0.24013972282409668	0.164306640625	0.9314254522323608	0.07933921366930008

0.24514126777648926	0.1687774658203125	0.9134730100631714	0.07564591616392136

0.2501511573791504	0.1734161376953125	0.8933635354042053	0.0881371721625328

0.25515294075012207	0.1774749755859375	0.8109128475189209	0.07223178446292877

0.26015377044677734	0.18133544921875	0.7814487218856812	0.10030727088451385

0.2651560306549072	0.1855010986328125	0.812350869178772	0.07087337970733643

0.2701575756072998	0.1903228759765625	0.9658029079437256	0.11156565696001053

0.2751591205596924	0.195709228515625	1.0842313766479492	0.04232761263847351

0.28016209602355957	0.20184326171875	1.2072012424468994	0.05517914891242981

0.2851734161376953	0.208099365234375	1.2264128923416138	0.060364365577697754

0.2901744842529297	0.214080810546875	1.2018585205078125	0.07200755923986435

0.29517531394958496	0.22021484375	1.23358154296875	0.0560581274330616

0.3001980781555176	0.2265472412109375	1.2439358234405518	0.047346219420433044

0.30519938468933105	0.232635498046875	1.2372965812683105	0.07238709181547165

0.31020045280456543	0.2385406494140625	1.1873854398727417	0.053154487162828445

0.3152029514312744	0.2443084716796875	1.1504075527191162	0.06067637726664543

0.3202047348022461	0.249725341796875	1.0807163715362549	0.0725368931889534

0.32520580291748047	0.2548065185546875	1.0436426401138306	0.06529255211353302

0.33020758628845215	0.2597198486328125	0.9952247738838196	0.0560913011431694

0.33520936965942383	0.264862060546875	1.008307933807373	0.05606599897146225

0.3402104377746582	0.2701263427734375	1.0839567184448242	0.04871419072151184

0.3452117443084717	0.27581787109375	1.1350388526916504	0.04421317204833031

0.35021328926086426	0.281707763671875	1.158634066581726	0.06030319258570671

0.35521483421325684	0.2871856689453125	1.1087217330932617	0.03895911946892738

0.3602161407470703	0.2924652099609375	1.058606505393982	0.05468751862645149

0.3652184009552002	0.2976226806640625	1.0286228656768799	0.07349050790071487

0.37021923065185547	0.3028411865234375	1.0419625043869019	0.04033372178673744

0.37522077560424805	0.30792236328125	1.010496735572815	0.055021487176418304

0.38022303581237793	0.3126068115234375	0.9301354289054871	0.06974920630455017

0.3852365016937256	0.3166961669921875	0.8475746512413025	0.06200918182730675

0.39023804664611816	0.3205718994140625	0.7801364064216614	0.06974062323570251

0.39523887634277344	0.323974609375	0.7020903825759888	0.08582509309053421

0.4002408981323242	0.3272705078125	0.6558836102485657	0.08098935335874557

0.4052422046661377	0.3303985595703125	0.6408460140228271	0.08904869109392166

0.4102439880371094	0.3334808349609375	0.6254175305366516	0.080460324883461

0.41524553298950195	0.3369903564453125	0.6810226440429688	0.10618502646684647

0.42024755477905273	0.3408203125	0.754264771938324	0.06276779621839523

0.4252488613128662	0.3448944091796875	0.8090730309486389	0.07843437045812607

0.4302513599395752	0.3493194580078125	0.8670328259468079	0.07331858575344086

0.4352529048919678	0.353668212890625	0.877270519733429	0.07508116215467453

0.44025397300720215	0.3582000732421875	0.9027214646339417	0.07271163910627365

0.44526076316833496	0.36279296875	0.9305617213249207	0.09178474545478821

0.45026278495788574	0.3678741455078125	0.9742730259895325	0.07327829301357269

0.4552640914916992	0.372650146484375	0.9905715584754944	0.07462970167398453

0.4602651596069336	0.377838134765625	1.0267107486724854	0.0880022868514061

0.46526646614074707	0.3832855224609375	1.0854836702346802	0.07261490821838379

0.47026824951171875	0.388824462890625	1.1147735118865967	0.07464397698640823

0.4752693176269531	0.394439697265625	1.1040197610855103	0.0717521607875824

0.4802713394165039	0.4000701904296875	1.1067934036254883	0.08339853584766388

0.48529601097106934	0.40509033203125	0.999880850315094	0.08794660866260529

0.4902970790863037	0.4098358154296875	0.9706381559371948	0.06848765909671783

0.4952976703643799	0.4149017333984375	1.016724944114685	0.07223601639270782

0.5002989768981934	0.4205169677734375	1.100771188735962	0.07159044593572617

0.505300760269165	0.4264373779296875	1.1536847352981567	0.06074065715074539

0.5103023052215576	0.4321746826171875	1.1500822305679321	0.06558911502361298

0.5153186321258545	0.4381103515625	1.165358543395996	0.0770820826292038

0.5203194618225098	0.4442138671875	1.217920184135437	0.0602266900241375

0.5253210067749023	0.4504547119140625	1.2413338422775269	0.056925009936094284

0.530322790145874	0.4563140869140625	1.1629425287246704	0.06392787396907806

0.5353243350982666	0.4618377685546875	1.106038212776184	0.08095914870500565

0.5403256416320801	0.467071533203125	1.0785739421844482	0.06571441143751144

0.5453264713287354	0.4723052978515625	1.0660219192504883	0.06277648359537125

0.5503277778625488	0.477691650390625	1.0555434226989746	0.07353200018405914

0.5553300380706787	0.4830322265625	1.050094485282898	0.06125284731388092

0.5603306293487549	0.488494873046875	1.092349886894226	0.06998085230588913

0.5653328895568848	0.4943695068359375	1.1451325416564941	0.058102693408727646

0.5703351497650146	0.500244140625	1.1651456356048584	0.04627424106001854

0.575336217880249	0.505828857421875	1.122329831123352	0.06284652650356293

0.5803384780883789	0.511322021484375	1.1034482717514038	0.06601892411708832

0.5853404998779297	0.5168304443359375	1.103390097618103	0.050474975258111954

0.5903491973876953	0.5225677490234375	1.1528375148773193	0.053831566125154495

0.5953500270843506	0.5283203125	1.1656925678253174	0.06360409408807755

0.6003518104553223	0.5340423583984375	1.1410577297210693	0.04530714452266693

0.6053533554077148	0.5394134521484375	1.1045633554458618	0.058028388768434525

0.6103544235229492	0.5445098876953125	1.018531084060669	0.06767749786376953

0.6153569221496582	0.54931640625	0.9788247346878052	0.057513657957315445

0.6203584671020508	0.55377197265625	0.895591139793396	0.07448684424161911

0.6253595352172852	0.5583343505859375	0.9176492094993591	0.04767115041613579

0.6303613185882568	0.5628814697265625	0.9029926657676697	0.07045980542898178

0.6353788375854492	0.5674285888671875	0.9177072048187256	0.045823834836483

0.6403801441192627	0.57177734375	0.8834588527679443	0.0746198445558548

0.6453812122344971	0.576019287109375	0.8417949080467224	0.07272063195705414

0.6503827571868896	0.5803375244140625	0.8611359596252441	0.07479902356863022

0.655383825302124	0.5845794677734375	0.8556015491485596	0.06069423630833626

0.6603853702545166	0.5891876220703125	0.9018993973731995	0.09816497564315796

0.6653873920440674	0.5939483642578125	0.9348194599151611	0.06904112547636032

0.6703894138336182	0.5985870361328125	0.9324805736541748	0.06850048154592514

0.6753902435302734	0.6031494140625	0.9280423521995544	0.06239135190844536

0.6803925037384033	0.607635498046875	0.914486825466156	0.0702948197722435

0.6853938102722168	0.6119842529296875	0.8841471672058105	0.07163766026496887

0.6903951168060303	0.6165924072265625	0.9161822199821472	0.07404863089323044

0.6953964233398438	0.620880126953125	0.8528102040290833	0.0835181474685669

0.7003974914550781	0.624755859375	0.7807648181915283	0.08745461702346802

0.7053987979888916	0.6280517578125	0.6708530187606812	0.1118495985865593

0.7104003429412842	0.6312408447265625	0.6478931903839111	0.09082202613353729

0.7154028415679932	0.63458251953125	0.6598941683769226	0.12537099421024323

0.7204053401947021	0.637847900390625	0.6444951295852661	0.11743280291557312

0.7254128456115723	0.64129638671875	0.6867443919181824	0.09324612468481064

0.730414867401123	0.644866943359375	0.7089687585830688	0.11641651391983032

0.7364304065704346	0.6493988037109375	0.7549359798431396	0.08698270469903946

0.7437527179718018	0.655303955078125	0.806120753288269	0.09351284801959991

0.7510504722595215	0.662139892578125	0.9414001703262329	0.07936824858188629

0.7560558319091797	0.6680450439453125	1.1137635707855225	0.07590383291244507

0.7610912322998047	0.6739501953125	1.218499779701233	0.08074934035539627

0.7660934925079346	0.6805572509765625	1.2625432014465332	0.08437573909759521

0.7710988521575928	0.686859130859375	1.2910374402999878	0.06968703866004944

0.7761008739471436	0.693817138671875	1.332181692123413	0.06027495115995407

0.7811026573181152	0.7000579833984375	1.3001787662506104	0.06109442561864853

0.7861042022705078	0.7058868408203125	1.1562615633010864	0.10475116223096848

0.7911183834075928	0.71099853515625	1.058547019958496	0.07304561883211136

0.7961204051971436	0.716156005859375	1.0255383253097534	0.053751301020383835

0.8011288642883301	0.72137451171875	1.0736624002456665	0.076348677277565

0.8061306476593018	0.7271881103515625	1.1128565073013306	0.0639602392911911

0.8111329078674316	0.7325439453125	1.1127581596374512	0.06508529186248779

0.8161351680755615	0.7386322021484375	1.1635477542877197	0.08084287494421005

0.8211367130279541	0.7444610595703125	1.1968472003936768	0.052388157695531845

0.8261380195617676	0.751007080078125	1.2348670959472656	0.07171221822500229

0.8311398029327393	0.75677490234375	1.1949266195297241	0.07712256163358688

0.8361411094665527	0.762542724609375	1.1205079555511475	0.06026389077305794

0.8411421775817871	0.767913818359375	1.090533971786499	0.07019945979118347

0.8461432456970215	0.7731781005859375	1.041714072227478	0.0736420676112175

0.8511447906494141	0.7777099609375	0.9545838832855225	0.06812331825494766

0.8561463356018066	0.782379150390625	0.9000012874603271	0.08387002348899841

0.861147403717041	0.7863922119140625	0.8466440439224243	0.08083236217498779

0.8661489486694336	0.7908782958984375	0.8580880761146545	0.06511558592319489

0.8711502552032471	0.7947845458984375	0.8241235017776489	0.07279670238494873

0.8761515617370605	0.799072265625	0.8464466333389282	0.08619805425405502

0.8811533451080322	0.8033294677734375	0.8791376948356628	0.0687585398554802

0.8861544132232666	0.80780029296875	0.8831455707550049	0.08865008503198624

0.8911557197570801	0.8123779296875	0.9351410269737244	0.0702226459980011

0.8961575031280518	0.8177032470703125	1.0276381969451904	0.06494704633951187

0.9011597633361816	0.8233184814453125	1.1458888053894043	0.07580887526273727

0.9061613082885742	0.82958984375	1.2241641283035278	0.05978661775588989

0.9111618995666504	0.8358154296875	1.2819637060165405	0.053681157529354095

0.9161756038665771	0.84222412109375	1.2321175336837769	0.06756550073623657

0.9211771488189697	0.8473968505859375	1.071300983428955	0.08743622899055481

0.9261786937713623	0.8518524169921875	0.8928270936012268	0.0906614139676094

0.9311802387237549	0.8554534912109375	0.779188334941864	0.09635114669799805

0.9361870288848877	0.8590240478515625	0.7049689292907715	0.09761267155408859

0.9411923885345459	0.862335205078125	0.6834393739700317	0.08135950565338135

0.9461932182312012	0.8658599853515625	0.6951153874397278	0.08679421246051788

0.951195240020752	0.8692169189453125	0.6679812073707581	0.10037004947662354

0.9562077522277832	0.8725128173828125	0.6525291800498962	0.11213886737823486

0.9612090587615967	0.8759307861328125	0.699727475643158	0.1010534018278122

0.9662110805511475	0.8796844482421875	0.7283862233161926	0.10688887536525726

0.9712131023406982	0.883758544921875	0.83338463306427	0.10346566885709763

0.9762148857116699	0.8887786865234375	0.9746725559234619	0.0997157096862793

0.9812169075012207	0.894134521484375	1.0884560346603394	0.05575176700949669

0.9862246513366699	0.9004974365234375	1.226615071296692	0.06619678437709808

0.9912261962890625	0.907135009765625	1.3253262042999268	0.07048679888248444

0.9962270259857178	0.9141845703125	1.3806633949279785	0.06480081379413605

1.0012292861938477	0.9210968017578125	1.3957736492156982	0.047667693346738815

1.006230354309082	0.9280853271484375	1.381723165512085	0.056153684854507446

1.0112314224243164	0.934356689453125	1.291185975074768	0.05659594386816025

1.0162336826324463	0.9401092529296875	1.1595990657806396	0.04921084642410278

1.0212349891662598	0.9449005126953125	0.9826006293296814	0.03532560542225838

1.0262362957000732	0.9492034912109375	0.8677913546562195	0.032611846923828125

1.0312385559082031	0.9524993896484375	0.6789084076881409	0.0211117472499609

1.0362401008605957	0.954681396484375	0.4530439078807831	0.017048275098204613

1.0412414073944092	0.9556732177734375	0.23539194464683533	0.006831654347479343

1.0462427139282227	0.9556427001953125	0.026722408831119537	0.012344814836978912

1.0512444972991943	0.95550537109375	-0.003530569840222597	0.0028448475059121847

1.0562458038330078	0.955474853515625	-0.005794249940663576	-0.008852418512105942

1.0612468719482422	0.9554443359375	-0.00921879056841135	-0.020278971642255783

1.066249132156372	0.9553985595703125	-0.01409754529595375	-0.036166079342365265

1.0712506771087646	0.9553985595703125	0.0007332381210289896	-0.03440845385193825

1.0762522220611572	0.955291748046875	-0.020152859389781952	-0.04144122079014778

1.081254243850708	0.9550933837890625	-0.04212921857833862	-0.04066820070147514

1.0862557888031006	0.954833984375	-0.052799731492996216	-0.051903922110795975

1.0912573337554932	0.954376220703125	-0.08198440819978714	-0.06008591130375862

1.0962591171264648	0.953704833984375	-0.1293177455663681	-0.04860097914934158

1.1012604236602783	0.95263671875	-0.19717012345790863	-0.07405969500541687

1.1062614917755127	0.9512176513671875	-0.28674474358558655	-0.07030128687620163

1.1112627983093262	0.9494171142578125	-0.3477764427661896	-0.07680940628051758

1.116265058517456	0.947113037109375	-0.4293615520000458	-0.06436999142169952

1.1212666034698486	0.9450531005859375	-0.42144861817359924	-0.08545435220003128

1.126267910003662	0.9427337646484375	-0.4760357439517975	-0.07209587842226028

1.1312694549560547	0.9398956298828125	-0.5651424527168274	-0.07631184160709381

1.1362709999084473	0.9366302490234375	-0.6413449645042419	-0.07712974399328232

1.1412723064422607	0.932891845703125	-0.7359391450881958	-0.09111125767230988

1.1462736129760742	0.928436279296875	-0.8818579316139221	-0.06262180954217911

1.151275873184204	0.923492431640625	-0.9452018141746521	-0.06745351850986481

1.1562767028808594	0.918426513671875	-1.0257389545440674	-0.0804867148399353

1.1612777709960938	0.9136505126953125	-0.9673378467559814	-0.06324940919876099

1.1662800312042236	0.9090118408203125	-0.9211198687553406	-0.08069960027933121

1.1712818145751953	0.90472412109375	-0.864112138748169	-0.07860177755355835

1.1762828826904297	0.90057373046875	-0.8354752063751221	-0.09008144587278366

1.1812849044799805	0.8965606689453125	-0.7954615950584412	-0.09565179795026779

1.186286211013794	0.8929443359375	-0.739817202091217	-0.10540679842233658

1.191293478012085	0.8900146484375	-0.5920209884643555	-0.12097189575433731

1.1962943077087402	0.887481689453125	-0.5360485911369324	-0.12533436715602875

1.201296091079712	0.8846893310546875	-0.5489482283592224	-0.10678134113550186

1.2062973976135254	0.881591796875	-0.605739176273346	-0.10849020630121231

1.2112979888916016	0.8780975341796875	-0.6878423094749451	-0.1107289120554924

1.2163000106811523	0.8737945556640625	-0.8352766633033752	-0.09730591624975204

1.2213013172149658	0.8690338134765625	-0.9464795589447021	-0.08553675562143326

1.2263028621673584	0.8635711669921875	-1.0828523635864258	-0.07320719212293625

1.2313051223754883	0.857818603515625	-1.1218364238739014	-0.08393234759569168

1.2363064289093018	0.8516845703125	-1.2014893293380737	-0.06415131688117981

1.2413077354431152	0.8451385498046875	-1.3264901638031006	-0.05680431053042412

1.2463088035583496	0.837799072265625	-1.4631646871566772	-0.057268742471933365

1.2513113021850586	0.8300323486328125	-1.505780577659607	-0.04678378999233246

1.2563128471374512	0.823089599609375	-1.4244543313980103	-0.06781855970621109

1.2613136768341064	0.8164825439453125	-1.3293043375015259	-0.08587133139371872

1.2663156986236572	0.81036376953125	-1.198828101158142	-0.08004482090473175

1.271317481994629	0.8048858642578125	-1.1330400705337524	-0.06603185832500458

1.2763185501098633	0.7994384765625	-1.106899380683899	-0.08006438612937927

1.2813210487365723	0.7938690185546875	-1.086792230606079	-0.06963562220335007

1.2863223552703857	0.78851318359375	-1.0893068313598633	-0.07097622752189636

1.2913241386413574	0.7829437255859375	-1.1138964891433716	-0.06901952624320984

1.296325445175171	0.777313232421875	-1.137984275817871	-0.07851187139749527

1.3013279438018799	0.7713623046875	-1.160326361656189	-0.05333247035741806

1.3063297271728516	0.7657012939453125	-1.1516196727752686	-0.0722346305847168

1.3113303184509277	0.7602386474609375	-1.1133641004562378	-0.06488284468650818

1.316333293914795	0.754852294921875	-1.0565732717514038	-0.06730353832244873

1.3213365077972412	0.7496185302734375	-1.0467182397842407	-0.060326527804136276

1.3263380527496338	0.74468994140625	-1.00875985622406	-0.06449216604232788

1.331341028213501	0.7399444580078125	-0.9333619475364685	-0.07903241366147995

1.3363430500030518	0.735626220703125	-0.8671975135803223	-0.08029737323522568

1.3413457870483398	0.731475830078125	-0.8375533223152161	-0.09111707657575607

1.346346378326416	0.7272491455078125	-0.8627220988273621	-0.07368703186511993

1.3513484001159668	0.722747802734375	-0.8870890736579895	-0.08763003349304199

1.3563499450683594	0.718292236328125	-0.8870956301689148	-0.07161519676446915

1.361351728439331	0.7140350341796875	-0.8632726669311523	-0.06584423035383224

1.3663551807403564	0.7101593017578125	-0.7858636379241943	-0.0823165625333786

1.3713581562042236	0.70599365234375	-0.8328739404678345	-0.0742482841014862

1.3763608932495117	0.70135498046875	-0.8967449069023132	-0.045014265924692154

1.3813648223876953	0.69622802734375	-1.0125362873077393	-0.058300506323575974

1.386366605758667	0.69085693359375	-1.0490059852600098	-0.07792452722787857

1.3913681507110596	0.6855621337890625	-1.0529741048812866	-0.06847486644983292

1.3963704109191895	0.6805572509765625	-1.0116902589797974	-0.07229503989219666

1.4013800621032715	0.6753997802734375	-1.0170267820358276	-0.08626936376094818

1.4063818454742432	0.6703948974609375	-1.0225980281829834	-0.07298993319272995

1.4113833904266357	0.6654205322265625	-0.9779077768325806	-0.07710141688585281

1.4163851737976074	0.6611175537109375	-0.8697234988212585	-0.08001524955034256

1.4213871955871582	0.6573028564453125	-0.7794981002807617	-0.09913243353366852

1.4263887405395508	0.6534576416015625	-0.7792973518371582	-0.08324439823627472

1.4313907623291016	0.649200439453125	-0.8460909724235535	-0.07778677344322205

1.4363927841186523	0.64459228515625	-0.9175293445587158	-0.07187295705080032

1.441394329071045	0.6396942138671875	-0.9768534898757935	-0.07698893547058105

1.4463956356048584	0.6343536376953125	-1.0477174520492554	-0.07644221931695938

1.4513990879058838	0.62872314453125	-1.1197097301483154	-0.058305006474256516

1.4564008712768555	0.6226806640625	-1.221644401550293	-0.0723869651556015

1.461402416229248	0.61590576171875	-1.3239946365356445	-0.05812545120716095

1.466404676437378	0.609222412109375	-1.330925464630127	-0.05561736971139908

1.4714066982269287	0.6027374267578125	-1.3053207397460938	-0.04110893979668617

1.4764084815979004	0.5962677001953125	-1.2803350687026978	-0.048980019986629486

1.481410026550293	0.5897216796875	-1.2903380393981934	-0.05337349325418472

1.4864273071289062	0.583404541015625	-1.2408617734909058	-0.06459500640630722

1.4914288520812988	0.5776214599609375	-1.1813246011734009	-0.045016899704933167

1.4964301586151123	0.5718841552734375	-1.165252447128296	-0.060378339141607285

1.5014331340789795	0.5661163330078125	-1.1388602256774902	-0.04266992211341858

1.5064363479614258	0.560516357421875	-1.1133954524993896	-0.039519522339105606

1.5114383697509766	0.555145263671875	-1.0853074789047241	-0.06458744406700134

1.516441822052002	0.5497894287109375	-1.06401526927948	-0.050383493304252625

1.521444320678711	0.544708251953125	-1.0421456098556519	-0.042341433465480804

1.5264453887939453	0.5395660400390625	-1.0406888723373413	-0.060553841292858124

1.5314490795135498	0.534210205078125	-1.0375198125839233	-0.0603763684630394

1.5364513397216797	0.5291900634765625	-1.0253570079803467	-0.053038567304611206

1.5414531230926514	0.5242919921875	-0.9896478056907654	-0.054548513144254684

1.5464541912078857	0.5194549560546875	-0.9864020347595215	-0.05060993880033493

1.5514562129974365	0.51513671875	-0.8833267688751221	-0.07191741466522217

1.5564582347869873	0.5109710693359375	-0.8420160412788391	-0.054021529853343964

1.5614593029022217	0.5069427490234375	-0.8094086050987244	-0.06578954309225082

1.5664620399475098	0.5024566650390625	-0.8774446249008179	-0.05970469489693642

1.5714638233184814	0.498016357421875	-0.8850887417793274	-0.07976394146680832

1.576465368270874	0.493743896484375	-0.8744576573371887	-0.06757460534572601

1.5814697742462158	0.4892730712890625	-0.8741613626480103	-0.08783037215471268

1.5864746570587158	0.485137939453125	-0.8424209952354431	-0.06699314713478088

1.5914762020111084	0.481170654296875	-0.8163676857948303	-0.09275820106267929

1.596477746963501	0.47698974609375	-0.8242647647857666	-0.0717424526810646

1.60148024559021	0.4727325439453125	-0.8479841947555542	-0.08636067062616348

1.6064817905426025	0.46826171875	-0.8815832734107971	-0.0773460790514946

1.6114838123321533	0.463775634765625	-0.9103962779045105	-0.0769713819026947

1.6164872646331787	0.4592742919921875	-0.8930602669715881	-0.06630969792604446

1.6214885711669922	0.4547576904296875	-0.908879816532135	-0.08059264719486237

1.6264903545379639	0.449859619140625	-0.9582918286323547	-0.06026658043265343

1.631493330001831	0.44488525390625	-0.9904700517654419	-0.06522444635629654

1.6364953517913818	0.440155029296875	-0.9467968940734863	-0.08717894554138184

1.6414971351623535	0.4355926513671875	-0.9094218611717224	-0.07875840365886688

1.6464989185333252	0.4311676025390625	-0.8828147053718567	-0.0950540080666542

1.6515023708343506	0.4262847900390625	-0.9525509476661682	-0.0728437528014183

1.6565041542053223	0.4214935302734375	-0.9657610654830933	-0.08573883026838303

1.6615056991577148	0.416534423828125	-0.981970489025116	-0.0855926051735878

1.6665093898773193	0.411865234375	-0.9278602004051208	-0.06542953848838806

1.671513557434082	0.407623291015625	-0.8682512640953064	-0.08098502457141876

1.6765153408050537	0.4030303955078125	-0.9294524192810059	-0.0726570412516594

1.6815180778503418	0.397674560546875	-1.0385093688964844	-0.07232014089822769

1.6865196228027344	0.391937255859375	-1.135878086090088	-0.06780683994293213

1.6915218830108643	0.3860931396484375	-1.168236255645752	-0.06848984956741333

1.6965224742889404	0.3805694580078125	-1.120686411857605	-0.07467478513717651

1.7015247344970703	0.3746795654296875	-1.1453180313110352	-0.06492391973733902

1.706526279449463	0.3687286376953125	-1.1839078664779663	-0.0454588457942009

1.7115275859832764	0.3628692626953125	-1.1872601509094238	-0.05812766030430794

1.7165296077728271	0.3571624755859375	-1.1321685314178467	-0.07154370844364166

1.7215337753295898	0.3513946533203125	-1.1387006044387817	-0.06033550202846527

1.7293305397033691	0.3429107666015625	-1.1046082973480225	-0.06570764631032944

1.7360599040985107	0.3357086181640625	-1.0292319059371948	-0.05774503946304321

1.7410624027252197	0.3306427001953125	-1.0270079374313354	-0.06098897382616997

1.747098445892334	0.324462890625	-1.0425379276275635	-0.0686875730752945

1.7521166801452637	0.3187408447265625	-1.1154698133468628	-0.0486203134059906

1.759061336517334	0.31103515625	-1.100486397743225	-0.047244247049093246

1.764064073562622	0.3053436279296875	-1.1211293935775757	-0.06376659870147705

1.7690668106079102	0.2999725341796875	-1.0782204866409302	-0.05907360464334488

1.775052547454834	0.2939300537109375	-1.019959807395935	-0.060778964310884476

1.7800557613372803	0.2888946533203125	-1.0070288181304932	-0.06121053174138069

1.7850613594055176	0.283782958984375	-1.0228548049926758	-0.0589635856449604

1.790069341659546	0.2786102294921875	-1.0296701192855835	-0.05215077102184296

1.7950727939605713	0.27349853515625	-1.0043998956680298	-0.058941442519426346

1.8053240776062012	0.2641754150390625	-0.8614367246627808	-0.07239577919244766

1.8103296756744385	0.2603759765625	-0.7843273878097534	-0.07368961721658707

1.8153328895568848	0.2568359375	-0.7379602193832397	-0.07469027489423752

1.8203442096710205	0.2529449462890625	-0.7747281193733215	-0.06480614840984344

1.825345516204834	0.2488250732421875	-0.820149302482605	-0.08645304292440414

1.8303472995758057	0.244476318359375	-0.8694729804992676	-0.06031090393662453

1.8353495597839355	0.23992919921875	-0.8992913365364075	-0.06531070917844772

1.8403515815734863	0.2352142333984375	-0.9413318634033203	-0.06530030071735382

1.8453528881072998	0.23028564453125	-1.0004620552062988	-0.07481782138347626

1.8503553867340088	0.2249755859375	-1.0438742637634277	-0.08258793503046036

1.8553576469421387	0.219818115234375	-1.0169143676757812	-0.06479017436504364

1.8603591918945312	0.2149200439453125	-0.9765684008598328	-0.0678081139922142

1.8653626441955566	0.210205078125	-0.9380606412887573	-0.07219531387090683

1.870366096496582	0.205535888671875	-0.9448577761650085	-0.06371286511421204

1.8753669261932373	0.2010040283203125	-0.9096869230270386	-0.07551299780607224

1.8803691864013672	0.1965484619140625	-0.8982006311416626	-0.08885210752487183

1.8853728771209717	0.192596435546875	-0.80937260389328	-0.09910841286182404

1.8903748989105225	0.188995361328125	-0.7414624094963074	-0.10375956445932388

1.895376205444336	0.18548583984375	-0.6988853216171265	-0.10480206459760666

1.900378942489624	0.1818695068359375	-0.7358792424201965	-0.08643848448991776

1.9053819179534912	0.1775360107421875	-0.8400789499282837	-0.08359777927398682

1.910384178161621	0.1726226806640625	-0.9726443886756897	-0.073020800948143

1.9153869152069092	0.1669769287109375	-1.0991265773773193	-0.09724892675876617

1.9203910827636719	0.161346435546875	-1.1121973991394043	-0.07810048758983612

1.9253923892974854	0.15594482421875	-1.104612946510315	-0.06831719726324081

1.9303936958312988	0.14996337890625	-1.1788346767425537	-0.07185662537813187

1.9353971481323242	0.143524169921875	-1.2665655612945557	-0.07167018949985504

1.940398931503296	0.1373443603515625	-1.241971492767334	-0.06155204400420189

1.9453997611999512	0.1311187744140625	-1.2400137186050415	-0.06091761216521263

1.9504032135009766	0.124664306640625	-1.268676996231079	-0.060723841190338135

1.9554047584533691	0.11859130859375	-1.2401105165481567	-0.0560440868139267

1.9604074954986572	0.1126251220703125	-1.1888545751571655	-0.05260099098086357

1.965409755706787	0.10699462890625	-1.1354279518127441	-0.04996108636260033

1.970412254333496	0.101348876953125	-1.1320563554763794	-0.05017923563718796

1.9754140377044678	0.0954437255859375	-1.1860285997390747	-0.056594207882881165

1.9804160594940186	0.089324951171875	-1.2032928466796875	-0.048441823571920395

1.985417366027832	0.0835113525390625	-1.1711710691452026	-0.07158328592777252

1.990431547164917	0.0776824951171875	-1.1597766876220703	-0.05689091980457306

1.9954338073730469	0.0718841552734375	-1.1744269132614136	-0.044171106070280075

2.0004355907440186	0.0657958984375	-1.209688425064087	-0.06250117719173431

2.005437135696411	0.0599212646484375	-1.1853418350219727	-0.051847465336322784

2.0104386806488037	0.05413818359375	-1.1581761837005615	-0.03655776008963585

2.015442371368408	0.0481719970703125	-1.1025059223175049	-0.05810598284006119

2.020444393157959	0.043792724609375	-0.9832109212875366	-0.06470882892608643

2.0254464149475098	0.0392608642578125	-0.923498809337616	-0.06104258447885513

2.0304489135742188	0.0351104736328125	-0.8347243070602417	-0.0809188112616539

2.0354504585266113	0.03057861328125	-0.8458184599876404	-0.06616926193237305

2.040452480316162	0.02691650390625	-0.80535489320755	-0.0911204144358635

2.0454530715942383	0.023101806640625	-0.7895623445510864	-0.06333399564027786

2.0504567623138428	0.0191192626953125	-0.7839667201042175	-0.07330518215894699

2.0554590225219727	0.01519775390625	-0.7857634425163269	-0.07041659206151962

2.0604610443115234	0.01141357421875	-0.7545768022537231	-0.08246596902608871

2.0654637813568115	0.007537841796875	-0.7298365831375122	-0.06916112452745438

2.0704662799835205	0.0038604736328125	-0.7675662636756897	-0.056528858840465546

2.075467824935913	-6.103515625e-05	-0.7855282425880432	-0.07932077348232269

2.0804712772369385	-0.0042877197265625	-0.8194096684455872	-0.07238398492336273

2.0854735374450684	-0.008758544921875	-0.8249425888061523	-0.07743563503026962

2.090475559234619	-0.0126800537109375	-0.8496422171592712	-0.07679139077663422

2.095477819442749	-0.0173492431640625	-0.879775881767273	-0.08905331790447235

2.1004810333251953	-0.0218963623046875	-0.9510558247566223	-0.07881882786750793

2.1054842472076416	-0.0272369384765625	-0.9847128391265869	-0.08449206501245499

2.1104869842529297	-0.03179931640625	-0.9684561491012573	-0.10647475719451904

2.115490436553955	-0.036895751953125	-0.9443057179450989	-0.05634092167019844

2.1204941272735596	-0.0414581298828125	-0.9782326221466064	-0.08178628236055374

2.1254959106445312	-0.0469512939453125	-1.0273468494415283	-0.06104021891951561

2.1304969787597656	-0.0517425537109375	-1.0342695713043213	-0.0840965062379837

2.1354994773864746	-0.0573272705078125	-1.0226494073867798	-0.0855010598897934

2.140501022338867	-0.0623321533203125	-1.0636751651763916	-0.06536929309368134

2.1455025672912598	-0.0677032470703125	-1.0045764446258545	-0.07976821810007095

2.1505043506622314	-0.072540283203125	-1.0172287225723267	-0.07505549490451813

2.1555063724517822	-0.0780029296875	-1.0383788347244263	-0.07697003334760666

2.160507917404175	-0.08258056640625	-0.990731954574585	-0.07431340962648392

2.165510654449463	-0.0876312255859375	-0.9450108408927917	-0.07667405158281326

2.170513391494751	-0.0921630859375	-0.9512121677398682	-0.08376815170049667

2.17551589012146	-0.097808837890625	-1.0530253648757935	-0.05136594548821449

2.180518627166748	-0.10296630859375	-1.0861196517944336	-0.056487537920475006

2.1855201721191406	-0.108642578125	-1.0742554664611816	-0.07703498005867004

2.1905219554901123	-0.1134185791015625	-1.0422669649124146	-0.06789083033800125

2.195523262023926	-0.1190185546875	-1.0732333660125732	-0.07181917130947113

2.2005257606506348	-0.1245574951171875	-1.1616911888122559	-0.06313048303127289

2.2055277824401855	-0.130950927734375	-1.211344838142395	-0.055558934807777405

2.210529327392578	-0.1369171142578125	-1.2570438385009766	-0.04255840182304382

2.2155332565307617	-0.143463134765625	-1.2379404306411743	-0.046030957251787186

2.2205352783203125	-0.1491546630859375	-1.1932718753814697	-0.061557330191135406

2.2255373001098633	-0.155364990234375	-1.1970767974853516	-0.05800146609544754

2.2305381298065186	-0.1609649658203125	-1.1880892515182495	-0.05734815448522568

2.2355408668518066	-0.1670989990234375	-1.1642754077911377	-0.06270106136798859

2.240542411804199	-0.1726226806640625	-1.1582257747650146	-0.06440208852291107

2.245543956756592	-0.178497314453125	-1.1233621835708618	-0.04442986100912094

2.250546932220459	-0.183685302734375	-1.079626202583313	-0.06527129560709

2.2555487155914307	-0.1886749267578125	-0.9657517671585083	-0.061830952763557434

2.2605504989624023	-0.192901611328125	-0.9040130376815796	-0.06893245130777359

2.265552520751953	-0.1975250244140625	-0.8969945311546326	-0.04873504862189293

2.2705554962158203	-0.201934814453125	-0.9044934511184692	-0.06305970251560211

2.275557041168213	-0.20654296875	-0.9068010449409485	-0.05896516889333725

2.280559539794922	-0.21099853515625	-0.9228981733322144	-0.06705331802368164

2.28556227684021	-0.2157440185546875	-0.918965220451355	-0.05751826986670494

2.2905640602111816	-0.2204132080078125	-0.9622135758399963	-0.050284694880247116

2.2955658435821533	-0.2252044677734375	-0.9257968664169312	-0.07602515816688538

2.3005692958831787	-0.229766845703125	-0.944663941860199	-0.06938915699720383

2.3055713176727295	-0.2344818115234375	-0.9282423257827759	-0.09803049266338348

2.3105735778808594	-0.2391357421875	-0.9496146440505981	-0.05651252716779709

2.315577268600464	-0.243988037109375	-0.9606428146362305	-0.0711635872721672

2.3205790519714355	-0.248931884765625	-1.0013748407363892	-0.0549190454185009

2.3255808353424072	-0.2538909912109375	-0.9742262959480286	-0.06879409402608871

2.330583095550537	-0.25848388671875	-0.9488897323608398	-0.08896402269601822

2.3355863094329834	-0.2629547119140625	-0.882921040058136	-0.07261865586042404

2.3405885696411133	-0.26715087890625	-0.8701390027999878	-0.07873859256505966

2.3455896377563477	-0.271820068359375	-0.9190975427627563	-0.05591890960931778

2.3505918979644775	-0.276580810546875	-0.9833056330680847	-0.06767158210277557

2.3555939197540283	-0.2818603515625	-1.0224016904830933	-0.06269077956676483

2.360595941543579	-0.286895751953125	-1.0349112749099731	-0.06607076525688171

2.3655993938446045	-0.29217529296875	-1.0221909284591675	-0.06388308107852936

2.3706021308898926	-0.297454833984375	-1.0596750974655151	-0.05658368021249771

2.375602960586548	-0.30279541015625	-1.0487079620361328	-0.06281716376543045

2.3806045055389404	-0.3075408935546875	-0.9829527735710144	-0.08831024914979935

2.3856072425842285	-0.3123626708984375	-0.9405902624130249	-0.06390249729156494

2.3906097412109375	-0.3168792724609375	-0.9189934730529785	-0.08547532558441162

2.3956120014190674	-0.321868896484375	-0.9855626225471497	-0.04496403783559799

2.40061616897583	-0.32708740234375	-1.035099744796753	-0.0722259134054184

2.4056243896484375	-0.3325653076171875	-1.0857263803482056	-0.0679403617978096

2.4106199741363525	-0.337188720703125	-0.9625806212425232	-0.06816772371530533

2.415623664855957	-0.341766357421875	-0.8917570114135742	-0.07185865193605423

2.420626401901245	-0.346343994140625	-0.9260809421539307	-0.0734737291932106

2.4256279468536377	-0.3514556884765625	-0.9966551065444946	-0.06779944896697998

2.430630683898926	-0.3569793701171875	-1.0940252542495728	-0.06273020803928375

2.4356322288513184	-0.3627471923828125	-1.1362441778182983	-0.0670253336429596

2.44063401222229	-0.3682861328125	-1.13875150680542	-0.06702521443367004

2.4456350803375244	-0.37408447265625	-1.1265311241149902	-0.07065772265195847

2.4506380558013916	-0.379730224609375	-1.1380455493927002	-0.05571936070919037

2.4556400775909424	-0.385162353515625	-1.0952092409133911	-0.08104982227087021

2.460641622543335	-0.390411376953125	-1.063187837600708	-0.053391750901937485

2.465643882751465	-0.3957977294921875	-1.068769097328186	-0.05890391767024994

2.4706461429595947	-0.4015655517578125	-1.1466268301010132	-0.05493461340665817

2.475647449493408	-0.4075469970703125	-1.177039623260498	-0.0412728451192379

2.4806487560272217	-0.41290283203125	-1.1086145639419556	-0.07180874794721603

2.4856507778167725	-0.4178619384765625	-0.9870999455451965	-0.07297675311565399

2.490652322769165	-0.4222259521484375	-0.8866550326347351	-0.05465951934456825

2.4956536293029785	-0.4265899658203125	-0.8588194251060486	-0.0700269564986229

2.5006558895111084	-0.4310455322265625	-0.8831866383552551	-0.05813754349946976

2.5056581497192383	-0.4354705810546875	-0.8774833083152771	-0.06831760704517365

2.51065993309021	-0.4394378662109375	-0.8169004917144775	-0.07170131057500839

2.5156633853912354	-0.4432373046875	-0.7758125066757202	-0.08080750703811646

2.520678997039795	-0.4470672607421875	-0.7792165875434875	-0.08016037940979004

2.5256800651550293	-0.4508819580078125	-0.777144193649292	-0.08648411929607391

2.5306825637817383	-0.4549102783203125	-0.8002139925956726	-0.0796552523970604

2.53568434715271	-0.45892333984375	-0.8076042532920837	-0.082918681204319

2.5406863689422607	-0.4630889892578125	-0.846005916595459	-0.07752157747745514

2.5456879138946533	-0.467315673828125	-0.8591094613075256	-0.07364234328269958

2.5506908893585205	-0.4722137451171875	-0.965522825717926	-0.06618225574493408

2.5556931495666504	-0.4773712158203125	-1.033185601234436	-0.0731579139828682

2.560694932937622	-0.4829864501953125	-1.0987143516540527	-0.06713909655809402

2.5656983852386475	-0.4882965087890625	-1.0605725049972534	-0.07059481739997864

2.5707013607025146	-0.492889404296875	-0.9327709674835205	-0.08553445339202881

2.5757033824920654	-0.49700927734375	-0.844194233417511	-0.0847603902220726

2.5807044506073	-0.5010833740234375	-0.8162127137184143	-0.09764280170202255

2.585707187652588	-0.5052642822265625	-0.8396058678627014	-0.0775800347328186

2.590712308883667	-0.5093994140625	-0.8274467587471008	-0.08168380707502365

2.595716714859009	-0.51373291015625	-0.8626257181167603	-0.08724606782197952

2.600719451904297	-0.518402099609375	-0.9091213345527649	-0.08309333026409149

2.6057209968566895	-0.5235595703125	-1.0251826047897339	-0.06417009234428406

2.610722541809082	-0.5292816162109375	-1.1416360139846802	-0.076959528028965

2.615726947784424	-0.5354461669921875	-1.1988115310668945	-0.09554866701364517

2.620730400085449	-0.5413665771484375	-1.1699780225753784	-0.07119476050138474

2.6257314682006836	-0.5471649169921875	-1.1842530965805054	-0.06032868102192879

2.6307337284088135	-0.5535736083984375	-1.2518705129623413	-0.06483134627342224

2.635735273361206	-0.5600128173828125	-1.2812285423278809	-0.0658336728811264

2.6407370567321777	-0.5661163330078125	-1.2373963594436646	-0.05253450945019722

2.6457388401031494	-0.571990966796875	-1.1979901790618896	-0.056305743753910065

2.6507418155670166	-0.5780029296875	-1.1882045269012451	-0.07226487994194031

2.655745029449463	-0.5839080810546875	-1.1962220668792725	-0.06390659511089325

2.6607470512390137	-0.5897369384765625	-1.1714658737182617	-0.05226113647222519

2.665750503540039	-0.5955963134765625	-1.1579967737197876	-0.06112400442361832

2.670753002166748	-0.60150146484375	-1.1689696311950684	-0.05749570205807686

2.675755023956299	-0.6078033447265625	-1.258531093597412	-0.03897733986377716

2.6807565689086914	-0.6141510009765625	-1.259316086769104	-0.0331587940454483

2.685758590698242	-0.6204071044921875	-1.25454580783844	-0.047983285039663315

2.690761089324951	-0.626861572265625	-1.2964942455291748	-0.0344456322491169

2.6957623958587646	-0.633392333984375	-1.298095941543579	-0.0377635695040226

2.700774669647217	-0.639495849609375	-1.2031162977218628	-0.04428612068295479

2.7057766914367676	-0.64459228515625	-1.0429807901382446	-0.06242452561855316

2.7107787132263184	-0.6489105224609375	-0.8908998966217041	-0.0487317331135273

2.7157814502716064	-0.652618408203125	-0.7652947902679443	-0.05765622481703758

2.720783233642578	-0.656280517578125	-0.7386968731880188	-0.0563826858997345

2.7257845401763916	-0.6595611572265625	-0.6808451414108276	-0.0825631320476532

2.7307870388031006	-0.662933349609375	-0.672261118888855	-0.08059313148260117

2.735790252685547	-0.666412353515625	-0.6933512687683105	-0.08294020593166351

2.7407917976379395	-0.669952392578125	-0.7178487777709961	-0.076069176197052

2.745800256729126	-0.6740875244140625	-0.8170930743217468	-0.07390095293521881

2.7508091926574707	-0.678680419921875	-0.9007470607757568	-0.06906367093324661

2.755810499191284	-0.683441162109375	-0.9535757899284363	-0.09263907372951508

2.7608120441436768	-0.688262939453125	-0.9679073691368103	-0.05736133083701134

2.7658159732818604	-0.6928253173828125	-0.9277242422103882	-0.07512636482715607

2.770817756652832	-0.69757080078125	-0.9609799385070801	-0.05670798569917679

2.775819778442383	-0.7021331787109375	-0.9466259479522705	-0.07272742688655853

2.7808213233947754	-0.70684814453125	-0.9322359561920166	-0.07855948805809021

2.785824775695801	-0.7112884521484375	-0.8874334692955017	-0.07972074300050735

2.7908265590667725	-0.7152557373046875	-0.8119519352912903	-0.09274037927389145

2.7958285808563232	-0.7190399169921875	-0.776710569858551	-0.09111585468053818

2.8008313179016113	-0.72283935546875	-0.752737283706665	-0.10111119598150253

2.805833101272583	-0.7263336181640625	-0.7162409424781799	-0.08358541131019592

2.8108344078063965	-0.72991943359375	-0.7142546772956848	-0.10286924242973328

2.815836191177368	-0.7330474853515625	-0.6278566718101501	-0.10550273954868317

2.8208394050598145	-0.735992431640625	-0.6005008816719055	-0.1186504065990448

2.825840950012207	-0.7388153076171875	-0.5796650648117065	-0.10914245992898941

2.8308424949645996	-0.741302490234375	-0.5102770328521729	-0.10792145133018494

2.835845470428467	-0.744171142578125	-0.5680033564567566	-0.11035718023777008

2.8408472537994385	-0.7476043701171875	-0.6773816347122192	-0.09255816042423248

2.8458492755889893	-0.751312255859375	-0.7362121939659119	-0.11218544840812683

2.8508520126342773	-0.755706787109375	-0.8586927056312561	-0.09297439455986023

2.8558547496795654	-0.7604217529296875	-0.929649293422699	-0.11232193559408188

2.860856533050537	-0.76556396484375	-1.0269290208816528	-0.09623253345489502

2.865861177444458	-0.7715911865234375	-1.1706748008728027	-0.07555786520242691

2.870863676071167	-0.7781982421875	-1.2995587587356567	-0.0769796073436737

2.875865936279297	-0.7847900390625	-1.3183963298797607	-0.1139102578163147

2.8808670043945312	-0.7909393310546875	-1.2409796714782715	-0.07918360829353333

2.8858702182769775	-0.7969970703125	-1.207672119140625	-0.0766364261507988

2.89087176322937	-0.802825927734375	-1.1996347904205322	-0.08550640940666199

2.8958730697631836	-0.8087310791015625	-1.1858900785446167	-0.07655434310436249

2.9008755683898926	-0.814727783203125	-1.1860156059265137	-0.07692539691925049

2.905876874923706	-0.821258544921875	-1.2848708629608154	-0.06416106969118118

2.9108784198760986	-0.828155517578125	-1.3640249967575073	-0.07099342346191406

2.915882110595703	-0.8353271484375	-1.386851191520691	-0.07199802994728088

2.920884370803833	-0.842071533203125	-1.3448700904846191	-0.05621853470802307

2.9258856773376465	-0.8485260009765625	-1.3231637477874756	-0.06196911260485649

2.930887222290039	-0.8549957275390625	-1.2808781862258911	-0.0531189925968647

2.9358887672424316	-0.8612213134765625	-1.244948387145996	-0.0659104436635971

2.9408907890319824	-0.867034912109375	-1.1721811294555664	-0.06749355792999268

2.945892333984375	-0.872711181640625	-1.1435959339141846	-0.08733843266963959

2.9508957862854004	-0.87841796875	-1.1326318979263306	-0.0686032697558403

2.9558985233306885	-0.8839263916015625	-1.0961946249008179	-0.060660313814878464

2.960900068283081	-0.8888397216796875	-1.0038038492202759	-0.07199157774448395

2.9659037590026855	-0.893524169921875	-0.9427816867828369	-0.0656980350613594

2.970906972885132	-0.8982391357421875	-0.933276355266571	-0.06308835744857788

2.975908041000366	-0.902679443359375	-0.91453617811203	-0.06171781197190285

2.980909824371338	-0.9072723388671875	-0.9107978343963623	-0.06876441091299057

2.985912561416626	-0.9120330810546875	-0.9396796226501465	-0.06709499657154083

2.9909143447875977	-0.91680908203125	-0.9555537104606628	-0.0770089253783226

2.995915174484253	-0.92193603515625	-1.0303966999053955	-0.07129810750484467

3.000917434692383	-0.9273681640625	-1.0767511129379272	-0.05490314960479736

3.0059194564819336	-0.93280029296875	-1.0824021100997925	-0.07168169319629669

3.010921001434326	-0.9376068115234375	-0.9766714572906494	-0.05237152427434921

3.0159237384796143	-0.941741943359375	-0.8335999250411987	-0.05616988241672516

3.020925998687744	-0.945068359375	-0.6788821220397949	-0.03127855807542801

3.025932788848877	-0.947418212890625	-0.5008404850959778	-0.0413837693631649

3.030938148498535	-0.9488525390625	-0.30316320061683655	-0.04278426244854927

3.035940170288086	-0.94927978515625	-0.10972613096237183	-0.03809596225619316

3.0409417152404785	-0.9489593505859375	0.025788763538002968	-0.02281065471470356

3.045942783355713	-0.9489593505859375	0.010506175458431244	-0.015375951305031776

3.050945997238159	-0.948944091796875	-0.000454549997812137	-0.009190095588564873

3.055948495864868	-0.9489593505859375	-0.008025252260267735	-2.6509033856925157e-10

3.0609500408172607	-0.948822021484375	0.020938239991664886	-0.0030238062608987093

3.0659525394439697	-0.948822021484375	0.006374136079102755	0.02597271278500557

3.070955276489258	-0.9486541748046875	0.0252679530531168	0.019963053986430168

3.0759570598602295	-0.9484405517578125	0.04656347259879112	0.031733572483062744

3.080958127975464	-0.948211669921875	0.052203062921762466	0.031488239765167236

3.085961103439331	-0.947784423828125	0.08589312434196472	0.04497474431991577

3.0909624099731445	-0.9471893310546875	0.12113624066114426	0.04929877817630768

3.0959644317626953	-0.9464111328125	0.15746019780635834	0.04849549010396004

3.100966453552246	-0.9454193115234375	0.1965247541666031	0.04987495765089989

3.1059694290161133	-0.9440155029296875	0.2751119136810303	0.07062200456857681

3.1109704971313477	-0.9423065185546875	0.33524614572525024	0.05676262080669403

3.1159725189208984	-0.94000244140625	0.43481048941612244	0.054343413561582565

3.1209750175476074	-0.9375457763671875	0.4785154163837433	0.06488455086946487

3.125977039337158	-0.9349517822265625	0.513543426990509	0.0643790066242218

3.13097882270813	-0.93206787109375	0.5558615922927856	0.05959545820951462

3.135981559753418	-0.92901611328125	0.596189022064209	0.07254031300544739

3.1409835815429688	-0.9263153076171875	0.5623700022697449	0.08430985361337662

3.1459851264953613	-0.92376708984375	0.5212849974632263	0.09034457802772522

3.1509876251220703	-0.9212799072265625	0.48863324522972107	0.08032584190368652

3.155989646911621	-0.9189910888671875	0.4734823703765869	0.10877444595098495

3.1609907150268555	-0.916748046875	0.4601559638977051	0.09795095771551132

3.165994167327881	-0.914306640625	0.48037680983543396	0.12350763380527496

3.1709961891174316	-0.9117584228515625	0.5111632943153381	0.10356185585260391

3.1759982109069824	-0.909088134765625	0.5343064665794373	0.1190730556845665

3.180999755859375	-0.906402587890625	0.5293871760368347	0.11997292935848236

3.1860010623931885	-0.9033355712890625	0.5923263430595398	0.11535346508026123

3.19100284576416	-0.9001007080078125	0.6470308899879456	0.11180750280618668

3.1960039138793945	-0.8965911865234375	0.7032589316368103	0.10984185338020325

3.201005697250366	-0.892730712890625	0.7621417045593262	0.10892564803361893

3.206007957458496	-0.888427734375	0.8345967531204224	0.08803389966487885

3.2110097408294678	-0.883392333984375	0.9934589862823486	0.08360035717487335

3.2160139083862305	-0.8778228759765625	1.0785630941390991	0.08946770429611206

3.2210168838500977	-0.8718719482421875	1.1803922653198242	0.07985411584377289

3.2260191440582275	-0.86566162109375	1.2436598539352417	0.08087135851383209

3.231020927429199	-0.858917236328125	1.3391342163085938	0.09100498259067535

3.23602294921875	-0.852081298828125	1.3526461124420166	0.08857862651348114

3.241024971008301	-0.845306396484375	1.3331987857818604	0.06835077702999115

3.2460262775421143	-0.8391876220703125	1.2722663879394531	0.06718355417251587

3.251040458679199	-0.83258056640625	1.292057991027832	0.07032511383295059

3.256042718887329	-0.826263427734375	1.270708680152893	0.09108660370111465

3.261044979095459	-0.8201446533203125	1.2302792072296143	0.0893092080950737

3.266049385070801	-0.814544677734375	1.123907208442688	0.07653886824846268

3.271052360534668	-0.80938720703125	1.0473886728286743	0.07001687586307526

3.276054620742798	-0.80426025390625	1.0425840616226196	0.07280334830284119

3.2810559272766113	-0.799041748046875	1.0484856367111206	0.06903884559869766

3.2860586643218994	-0.7937774658203125	1.0420618057250977	0.08720668405294418

3.2910611629486084	-0.788238525390625	1.104693055152893	0.06215042620897293

3.296062469482422	-0.7824554443359375	1.1578346490859985	0.06629472225904465

3.301065683364868	-0.776214599609375	1.221954107284546	0.06541893631219864

3.306067943572998	-0.7702789306640625	1.180609941482544	0.08980372548103333

3.3110697269439697	-0.764984130859375	1.0840171575546265	0.07565338909626007

3.316072702407837	-0.759796142578125	1.017208218574524	0.08636623620986938

3.321075201034546	-0.754852294921875	1.0139168500900269	0.0728457048535347

3.3260767459869385	-0.750030517578125	0.9793848991394043	0.07494361698627472

3.3310790061950684	-0.7451171875	0.9883781671524048	0.06990844756364822

3.336080312728882	-0.740264892578125	0.9759978652000427	0.07408794015645981

3.3410818576812744	-0.735198974609375	1.0094794034957886	0.06803816556930542

3.346083164215088	-0.7297821044921875	1.0822149515151978	0.056701406836509705

3.3510849475860596	-0.723724365234375	1.185653805732727	0.0384829118847847

3.3560869693756104	-0.7174530029296875	1.2579411268234253	0.06982025504112244

3.361088514328003	-0.7107696533203125	1.319392204284668	0.04452275484800339

3.366093158721924	-0.7035369873046875	1.40850830078125	0.04278053343296051

3.371095895767212	-0.696624755859375	1.3841818571090698	0.033329132944345474

3.3760972023010254	-0.6901702880859375	1.3076435327529907	0.039498478174209595

3.381098747253418	-0.6839752197265625	1.253206491470337	0.04899590089917183

3.3861021995544434	-0.6778411865234375	1.2141139507293701	0.0626879557967186

3.391103744506836	-0.672454833984375	1.101274847984314	0.06998692452907562

3.3961052894592285	-0.667510986328125	1.0039924383163452	0.06418029218912125

3.4011082649230957	-0.66253662109375	0.9846733808517456	0.05176636204123497

3.4061105251312256	-0.657745361328125	0.9695807695388794	0.044207364320755005

3.4111127853393555	-0.6529998779296875	0.950354278087616	0.06464410573244095

3.416116952896118	-0.6480560302734375	0.9708824157714844	0.04037637636065483

3.421118974685669	-0.643035888671875	1.0257599353790283	0.044525112956762314

3.426121473312378	-0.6375274658203125	1.0965617895126343	0.04199766367673874

3.431122303009033	-0.631805419921875	1.1368342638015747	0.04043136164546013

3.4361236095428467	-0.6261749267578125	1.1214324235916138	0.053467653691768646

3.4411256313323975	-0.6212005615234375	0.9953358173370361	0.06998215615749359

3.4461259841918945	-0.61676025390625	0.9102495908737183	0.05343064293265343

3.4511280059814453	-0.612396240234375	0.8663628101348877	0.05806345492601395

3.456129550933838	-0.608123779296875	0.8671156764030457	0.05133514478802681

3.4611310958862305	-0.6039886474609375	0.8305137753486633	0.07335727661848068

3.4661335945129395	-0.600494384765625	0.7106310725212097	0.0847972109913826

3.4711363315582275	-0.5975494384765625	0.5845553278923035	0.08177929371595383

3.476138114929199	-0.5951080322265625	0.5178371071815491	0.09646251797676086

3.4811384677886963	-0.5925445556640625	0.5175921320915222	0.08712267875671387

3.4861419200897217	-0.5897979736328125	0.5414996147155762	0.08915048092603683

3.491143226623535	-0.586761474609375	0.6025389432907104	0.09428860992193222

3.4961442947387695	-0.5834197998046875	0.6651126742362976	0.08804325014352798

3.5011470317840576	-0.5796966552734375	0.7145888209342957	0.10367124527692795

3.506150960922241	-0.575836181640625	0.7685456871986389	0.08415191620588303

3.5302233695983887	-0.5558013916015625	0.8547928333282471	0.0704103484749794

3.5352272987365723	-0.551544189453125	0.860164225101471	0.10064459592103958

3.540229558944702	-0.547210693359375	0.8634098768234253	0.08276347815990448

3.545232057571411	-0.5429840087890625	0.8644908666610718	0.09474984556436539

3.5502350330352783	-0.538299560546875	0.9221417307853699	0.09128610044717789

3.5552377700805664	-0.5330963134765625	1.0245546102523804	0.08301573246717453

3.5602402687072754	-0.5276336669921875	1.067270040512085	0.09364255517721176

3.5652434825897217	-0.522369384765625	1.0294995307922363	0.10413548350334167

3.5720529556274414	-0.5156097412109375	1.0106935501098633	0.10107208043336868

3.577054977416992	-0.5105438232421875	1.0012309551239014	0.12060406804084778

3.5820584297180176	-0.505401611328125	1.026582956314087	0.08912225812673569

3.5870606899261475	-0.499969482421875	1.0930391550064087	0.07216918468475342

3.592062473297119	-0.494049072265625	1.1698580980300903	0.07677121460437775

3.5970640182495117	-0.4873504638671875	1.3263188600540161	0.057345639914274216

3.6020796298980713	-0.4803314208984375	1.374135136604309	0.0593663789331913

3.607081174850464	-0.4733123779296875	1.3842315673828125	0.07059123367071152

3.6121435165405273	-0.4666748046875	1.312394380569458	0.06349912285804749

3.6171469688415527	-0.4601898193359375	1.2998454570770264	0.06419207900762558

3.6221489906311035	-0.4537353515625	1.2741779088974	0.062258925288915634

3.627150535583496	-0.4473114013671875	1.3056493997573853	0.048665449023246765

3.6321539878845215	-0.44085693359375	1.2773014307022095	0.059777893126010895

3.6371562480926514	-0.434539794921875	1.2583491802215576	0.04592360928654671

3.642158031463623	-0.428131103515625	1.2774814367294312	0.05796371400356293

3.6471595764160156	-0.42181396484375	1.2516316175460815	0.07498721033334732

3.652190685272217	-0.4155120849609375	1.2352705001831055	0.03253404051065445

3.657191753387451	-0.4091033935546875	1.292205572128296	0.03656841069459915

3.6621930599212646	-0.4029388427734375	1.2508193254470825	0.05175624042749405

3.667196750640869	-0.397186279296875	1.1324408054351807	0.049757637083530426

3.672199249267578	-0.392242431640625	1.0115361213684082	0.061234988272190094

3.677201747894287	-0.3875274658203125	0.9463541507720947	0.05953506752848625

3.6822049617767334	-0.3827972412109375	0.9441109299659729	0.04714126139879227

3.6872081756591797	-0.3779144287109375	0.9659383296966553	0.05748729035258293

3.6922097206115723	-0.372894287109375	0.9911881685256958	0.05279364436864853

3.6972105503082275	-0.367828369140625	1.0130152702331543	0.06768052279949188

3.7022154331207275	-0.362823486328125	0.974555492401123	0.058290716260671616

3.7072174549102783	-0.3582611083984375	0.9352177977561951	0.05713469162583351

3.7122182846069336	-0.35394287109375	0.874830961227417	0.07321660220623016

3.717221736907959	-0.34979248046875	0.8029720187187195	0.06982553750276566

3.7222301959991455	-0.346282958984375	0.7251017093658447	0.08127382397651672

3.727231502532959	-0.3430633544921875	0.6755046248435974	0.07672616094350815

3.732234001159668	-0.3394317626953125	0.7236834764480591	0.06044713780283928

3.7372374534606934	-0.3353271484375	0.7857062220573425	0.07714240252971649

3.742239236831665	-0.330780029296875	0.9141381978988647	0.0443682000041008

3.7472405433654785	-0.32586669921875	0.9603186249732971	0.07588519901037216

3.752241849899292	-0.3208465576171875	0.9674277305603027	0.09086855500936508

3.7572431564331055	-0.3165283203125	0.8971189260482788	0.07374568283557892

3.762244701385498	-0.3120574951171875	0.8879404067993164	0.0938292145729065

3.7672672271728516	-0.3070068359375	0.9767541289329529	0.051144130527973175

3.7722690105438232	-0.30181884765625	1.0319814682006836	0.06381911039352417

3.777271270751953	-0.296173095703125	1.09317147731781	0.03767825663089752

3.7822742462158203	-0.290313720703125	1.1489667892456055	0.05062808468937874

3.787276268005371	-0.28485107421875	1.10594642162323	0.06295782327651978

3.7922780513763428	-0.2792205810546875	1.1095306873321533	0.05468403175473213

3.797279119491577	-0.273712158203125	1.1119626760482788	0.05132289603352547

3.802281379699707	-0.2684783935546875	1.0477324724197388	0.0656198039650917

3.8072829246520996	-0.263214111328125	1.0580672025680542	0.06058422848582268

3.812283754348755	-0.2578125	1.092118740081787	0.04276011511683464

3.817286729812622	-0.25177001953125	1.157521367073059	0.05124130845069885

3.8222885131835938	-0.2460479736328125	1.167102575302124	0.03145050257444382

3.8272898197174072	-0.240325927734375	1.1476707458496094	0.046567708253860474

3.8322930335998535	-0.2347259521484375	1.1190335750579834	0.04687029495835304

3.837296485900879	-0.2293548583984375	1.0872970819473267	0.04930400103330612

3.8422980308532715	-0.2239227294921875	1.094848871231079	0.04711219295859337

3.8472986221313477	-0.2184600830078125	1.0944185256958008	0.06313277035951614

3.852302074432373	-0.212615966796875	1.1157753467559814	0.04128594323992729

3.8573036193847656	-0.2072601318359375	1.0985753536224365	0.04475885257124901

3.8623046875	-0.2020721435546875	1.0561418533325195	0.05197124555706978

3.8673083782196045	-0.1967010498046875	1.0376442670822144	0.0403500571846962

3.8723111152648926	-0.1916961669921875	1.0195585489273071	0.046452801674604416

3.877312660217285	-0.1866607666015625	1.0296026468276978	0.052234817296266556

3.8823153972625732	-0.18109130859375	1.0841586589813232	0.04501495510339737

3.887317657470703	-0.17559814453125	1.094183087348938	0.04668121039867401

3.8923189640045166	-0.17041015625	1.074598789215088	0.05616794899106026

3.89732027053833	-0.1655120849609375	1.0101704597473145	0.05137775093317032

3.9023237228393555	-0.1605377197265625	0.9699291586875916	0.06543964892625809

3.907325506210327	-0.1560516357421875	0.920840322971344	0.05143187567591667

3.912327527999878	-0.1515045166015625	0.9080457091331482	0.06585211306810379

3.9173314571380615	-0.146881103515625	0.89100581407547	0.04589306563138962

3.922333002090454	-0.1424407958984375	0.8917146921157837	0.06064033880829811

3.9273343086242676	-0.1380157470703125	0.8956461548805237	0.06055189296603203

3.9323370456695557	-0.13348388671875	0.8906526565551758	0.06524301320314407

3.9373388290405273	-0.1293487548828125	0.8217304944992065	0.0565543957054615

3.94234037399292	-0.12554931640625	0.7870379090309143	0.07491785287857056

3.9473419189453125	-0.12188720703125	0.7476961612701416	0.06818442791700363

3.9523448944091797	-0.118499755859375	0.6827852725982666	0.09014592319726944

3.9573469161987305	-0.1152496337890625	0.6718543171882629	0.08981350809335709

3.962348461151123	-0.1118316650390625	0.6712876558303833	0.08027582615613937

3.967351198196411	-0.10809326171875	0.7293856739997864	0.0916527509689331

3.972352981567383	-0.1038360595703125	0.8363602757453918	0.0739956870675087

3.9773547649383545	-0.09967041015625	0.8603755235671997	0.095114566385746

3.98235821723938	-0.0953369140625	0.8515656590461731	0.06573285162448883

3.9873602390289307	-0.0912933349609375	0.8117980360984802	0.0824347585439682

3.9923622608184814	-0.08734130859375	0.8057989478111267	0.08566249907016754

3.9973628520965576	-0.0831298828125	0.8456084728240967	0.09707978367805481

4.002366542816162	-0.07843017578125	0.9263620972633362	0.07335085421800613

4.007368087768555	-0.073455810546875	0.98457932472229	0.0687306746840477

4.012369155883789	-0.0683746337890625	1.0296056270599365	0.08250954747200012

4.017371654510498	-0.0627593994140625	1.1128722429275513	0.06480662524700165

4.022373914718628	-0.0570831298828125	1.1390572786331177	0.08567530661821365

4.027375936508179	-0.051483154296875	1.1299318075180054	0.07626722753047943

4.032378435134888	-0.04571533203125	1.1467851400375366	0.05260636284947395

4.037380695343018	-0.0400848388671875	1.135628581047058	0.05694141238927841