Czas:	Pozycja:	Prędkość:
0.0	0.0	0.0
0.0049211978912353516	0.0	0.0
0.009989261627197266	6.413497510848743e-14	3.206748755424371e-11
0.01501321792602539	2.5845393880619127e-13	6.509198735571431e-11
0.01999187469482422	7.144800306946308e-13	9.782907817168507e-11
0.024994611740112305	1.1706801084088169e-12	1.3027098844098361e-10
0.02999424934387207	2.0175035808644988e-12	1.628697732236617e-10
0.03501772880554199	2.7341399977398585e-12	1.9544840745844283e-10
0.039992570877075195	3.972298434629094e-12	2.2818238964994464e-10
0.04499673843383789	4.949862075775966e-12	2.605994309234916e-10
0.04998898506164551	6.578674993651388e-12	2.9320762484630336e-10
0.05497884750366211	8.983369024302412e-05	0.05988912195422008
0.06003689765930176	0.0006604075654934794	0.14532683767061633
0.06506991386413574	0.0013973352610090425	0.22702076686206352
0.06999087333679199	0.002900031863121927	0.29008748304698073
0.0749964714050293	0.004167935850901425	0.35194633281593724
0.07999539375305176	0.00633109639058612	0.3903014937334378
0.08499670028686523	0.007967713932877266	0.43993754944960395
0.08999323844909668	0.010601655777792936	0.46216992274156643
0.09514570236206055	0.012502042661002934	0.5024417558452335
0.10001277923583984	0.015637844590347096	0.5361565061861074
0.10499048233032227	0.017747129547101545	0.5452009001173811
0.11005544662475586	0.01994951954604765	0.5736426378790177
0.11500787734985352	0.02329516487282695	0.5712563339023363
0.12002253532409668	0.025596353943927296	0.5971937484762296
0.12502121925354004	0.029066449400256635	0.5897292524672298
0.1300208568572998	0.031435354278517215	0.6135394750099518
0.13501214981079102	0.03499347535898733	0.6030689568780822
0.14000773429870605	0.03741094872391991	0.6249661341225364
0.14502286911010742	0.041029508510024466	0.6122270375392008
0.14999961853027344	0.04348097476231575	0.6332155276031687
0.15541315078735352	0.047143859131064315	0.6188372559179661
0.16008400917053223	0.04962702976067055	0.6440438796568563
0.1649925708770752	0.0521146540248716	0.601306953109571
0.16998529434204102	0.055850164531693426	0.6421467616986504
0.1750633716583252	0.05841753452249078	0.661115110953122
0.17997288703918457	0.0622317910749962	0.6429821406150428
0.18502068519592285	0.06479578870871253	0.6591632784312172
0.1900017261505127	0.06875794202473012	0.6610498316414647
0.1950223445892334	0.07132703433252946	0.6550683087332264
0.1999967098236084	0.07525278949856677	0.6545491963582565
0.20501208305358887	0.07779723575482028	0.6491085662214789
0.2100372314453125	0.08038370204750378	0.6651813529916814
0.21501898765563965	0.0842176122430617	0.6453960036340914
0.22002315521240234	0.08679079661122627	0.6618452343865971
0.22501540184020996	0.09060565864243901	0.6422342152009576
0.23008418083190918	0.09316699414467315	0.6590824776164977
0.23502159118652344	0.09696865242389544	0.6408831962085372
0.24001741409301758	0.09952525146291054	0.6576212495734425
0.24503660202026367	0.103316186928056	0.6384344738740889
0.25003528594970703	0.10586389153797934	0.6560579232643845
0.2552368640899658	0.10964893042694382	0.6376897448609239
0.2600135803222656	0.11219760356278127	0.6578322176795787
0.26514720916748047	0.11614802624207075	0.6572476093172085
0.27005529403686523	0.1187043856646225	0.6531658494175531
0.2750217914581299	0.12130665687072098	0.6683103080112701
0.2800164222717285	0.1251532260298028	0.6465855139483737
0.2849900722503662	0.1277297644113768	0.6626292415680656
0.2901318073272705	0.13154832083768261	0.6424969775751591
0.2950289249420166	0.1341129393590422	0.661059260349344
0.3000674247741699	0.1379266314112591	0.6412504183769373
0.3050706386566162	0.14048329982946184	0.6581798995726912
0.31072211265563965	0.14427993580508022	0.6395147813699152
0.3150198459625244	0.1468442005961934	0.6653157513799121
0.3200685977935791	0.15082476531180344	0.6582066590821886
0.32501888275146484	0.1533798289924276	0.6518482728145955
0.3300297260284424	0.1559759316676833	0.6669992179441634
0.33502769470214844	0.15981726738161395	0.6462798957168946
0.34008073806762695	0.16239366195519958	0.6627092298299736
0.3451519012451172	0.16621453547650664	0.6436662945437425
0.3500375747680664	0.16878365944714555	0.6616846643359967
0.3549985885620117	0.17259848534909947	0.641203775743486
0.36003804206848145	0.17515317343100106	0.6570319575988058
0.3651392459869385	0.17910433348801763	0.6593379327565133
0.3700387477874756	0.18166945325232303	0.6551323149232419
0.3750462532043457	0.18427838377209052	0.6697798572614496
0.3800339698791504	0.18813319219011468	0.6482335595752805
0.38521695137023926	0.19202138655005743	0.6485452965402915
0.3900327682495117	0.19454763742704592	0.6465255015194727
0.39506983757019043	0.1971248408221342	0.6616980458746725
0.4000236988067627	0.20093476981899697	0.6415587906734072
0.4050438404083252	0.20349336929406672	0.6581580822843304
0.410081148147583	0.20728799057769817	0.6392595969743377
0.4150395393371582	0.20983957453077307	0.6571764458571497
0.4200303554534912	0.21236803198809057	0.6102910111570622
0.4250481128692627	0.21617624393164422	0.6552916710161018
0.43003249168395996	0.2187947787830262	0.673681934299646
0.4350111484527588	0.22138468931737204	0.6249394117648478
0.4400615692138672	0.2252731277713697	0.6675335380766473
0.4449915885925293	0.22793708087833264	0.6847073750018619
0.4500153064727783	0.23187653562784755	0.6607158471871507
0.4550201892852783	0.2345049992508202	0.6751335779443329
0.4600048065185547	0.23839158089237514	0.6532279486594271
0.4650101661682129	0.24099317049658328	0.6685647403168521
0.4701061248779297	0.24484382319771575	0.6477031472724538
0.4750227928161621	0.24742728542644624	0.6652007066918731
0.48004913330078125	0.249986328006142	0.6176474194201825
0.4850270748138428	0.25383103449964256	0.6610350806518065
0.4900062084197998	0.2578026687293579	0.662014331801064
0.4950137138366699	0.260374835223722	0.6557405574516658
0.5000722408294678	0.26298562082071303	0.6708920457311974
0.5050199031829834	0.26685035207070307	0.6504186234601267
0.5101423263549805	0.270749985980467	0.6500181705523699
0.5150184631347656	0.27328021657575974	0.6469373403274404
0.5200402736663818	0.27585886893788647	0.6624310394486045
0.5250446796417236	0.27967411672509745	0.6423072766488688
0.5300343036651611	0.2822362057736747	0.6593865646419167
0.5350956916809082	0.28619939762036045	0.6608209286099173
0.5400328636169434	0.28876887152473957	0.6558006833489706
0.54500412940979	0.2913801529516368	0.670574413427005
0.550072431564331	0.2952395379981782	0.6486230284823974
0.5550408363342285	0.2978251135220967	0.665401239158994
0.560340404510498	0.30166082556182244	0.6451926052064679
0.5650224685668945	0.30423840461544355	0.665455124983576
0.5699834823608398	0.30822765431545623	0.6624576720357392
0.5749943256378174	0.310799146388744	0.6552449239898369
0.5799770355224609	0.3147240715405474	0.6542650945732925
0.5850155353546143	0.3172675206023345	0.6489312034346656
0.5903232097625732	0.32116139587609577	0.6498468367540541
0.5949792861938477	0.3236952284631238	0.6494044618049052
0.599999189376831	0.3262824149291005	0.6629620572745315
0.604992151260376	0.33009400845851566	0.6413894373545069
0.609992265701294	0.33265224936613363	0.6583542262220315
0.6149826049804688	0.3364487106559383	0.6394017649293099
0.6200194358825684	0.33899953947745515	0.6565691558630172
0.6250028610229492	0.3427871117226002	0.6384099679786471
0.6300384998321533	0.3453348923726125	0.6558571386353226
0.635004997253418	0.34911860005281675	0.6378060444415866
0.6400265693664551	0.3516638074150841	0.6551025926090371
0.6449985504150391	0.35560467218125563	0.657650289946545
0.650019645690918	0.35816096423931265	0.6519444528775903
0.6550908088684082	0.36206977450188854	0.6519519468228502
0.6600031852722168	0.36460657107716404	0.6481074941776254
0.6650502681732178	0.3671892758045739	0.6636062889284674
0.6700129508972168	0.3710122532771396	0.6437917784496706
0.6749742031097412	0.37357951242143694	0.6603122365281328
0.6800506114959717	0.377384818360364	0.6403163053132329
0.6850080490112305	0.37993988527698197	0.6582210614238583
0.6900889873504639	0.383897342030849	0.6597614967795687
0.6950099468231201	0.3864631347251992	0.6550758390471961
0.7000100612640381	0.39038698832941376	0.6535065831210917
0.7050485610961914	0.39292745634538384	0.648320134350728
0.7100114822387695	0.39551189665733266	0.6649345663030933
0.715010404586792	0.39934415630807263	0.644565464070716
0.7200191020965576	0.4019134177864589	0.6609454892381107
0.7250163555145264	0.40572385352174034	0.641619423114388
0.7300336360931396	0.40828312956787266	0.6586457264666162
0.7350478172302246	0.41208164887533283	0.6398971522644549
0.7400460243225098	0.4146351099011994	0.6574261050091671
0.7450025081634521	0.41842737566731186	0.6387843573436988
0.7500131130218506	0.42097526463492435	0.6555868548881573
0.7550246715545654	0.4247559559465464	0.6370368262311611
0.7600364685058594	0.42729868524763637	0.6548431818057147
0.7650322914123535	0.4299160100163935	0.673397139531355
0.7699949741363525	0.4337954223421873	0.6521630728099367
0.7750239372253418	0.43639256959916223	0.6673176428804289
0.7800195217132568	0.44023628272887594	0.6468419115762699
0.7850480079650879	0.442815065707691	0.6632904180051472
0.789961576461792	0.44536516249067093	0.6153446427223844
0.7950236797332764	0.44920468664082186	0.6596031930764114
0.8000080585479736	0.45300647068570027	0.6407019487451225
0.805048942565918	0.45556310481511775	0.6580035097285198
0.8100259304046631	0.45935847805900326	0.6396447172772274
0.8151602745056152	0.4619107490821384	0.6568753656220904
0.8200645446777344	0.46570161161017476	0.6398787881010316
0.8250231742858887	0.46825517050366966	0.6567443203324347
0.8300299644470215	0.47219991319086113	0.6575735390393863
0.8350379467010498	0.4747560681982507	0.6521538091051907
0.8402543067932129	0.47866634825897764	0.6521093845473959
0.8450255393981934	0.4812064956522536	0.6501150484689825
0.8500423431396484	0.4837966927294498	0.6644685563769531
0.8550586700439453	0.487619649554117	0.6432712874741323
0.8600234985351562	0.49018530822427353	0.660313778496341
0.8650376796722412	0.4939923086143997	0.6406962696442341
0.8700346946716309	0.49654767957295487	0.6577823623825639
0.8750145435333252	0.5003415637651649	0.6390056398628495
0.8800206184387207	0.502890689454	0.6560731951142525
0.8850979804992676	0.5055117548728386	0.6741733085863536
0.8900456428527832	0.5093965360958377	0.6537823819398897
0.8951566219329834	0.5133148346739868	0.6529042065761615
0.9000148773193359	0.515855461328815	0.6493079407954824
0.9050216674804688	0.5184422421312583	0.664186518288368
0.9100263118743896	0.5222658856761424	0.6434016738601381
0.9150128364562988	0.5248316755147963	0.6602355297760195
0.9200360774993896	0.5287991542369576	0.6614420326034723
0.9250226020812988	0.5313701362553647	0.6558353259443189
0.9305415153503418	0.535299530869458	0.6548583091414971
0.9350366592407227	0.5378555405687426	0.6564026061025138
0.9400205612182617	0.5404694257482238	0.6683308867422203
0.9451286792755127	0.5443045302784567	0.6443810032478098
0.950021505355835	0.5468751397979805	0.6621718006101539
0.9549953937530518	0.5508513449682606	0.6620778770560264
0.9603006839752197	0.5534230893617701	0.6555443391771073
0.9651403427124023	0.5559350788644057	0.6053998615558888
0.9700160026550293	0.5597419758024369	0.6550385442805818
0.9750256538391113	0.5623547260426401	0.670921485799567
0.9799609184265137	0.5663776449958552	0.6699693750039671
0.9849932193756104	0.5689782977938909	0.6621379705837961
0.9899790287017822	0.5729406858181756	0.6601578099217821
0.9950175285339355	0.5755059794775229	0.6541497209133348
1.000042200088501	0.5794277773987303	0.654111841197221
1.0050666332244873	0.5819700887971018	0.6483290985631408
1.0099589824676514	0.5855001124219483	0.4971064035977336
1.0150439739227295	0.5871351770957391	0.337620571144717
1.0201358795166016	0.5884814142522287	0.14820740331604598
1.0250344276428223	0.5888806739575769	0.04761160347294857
1.0300731658935547	0.5889303165009141	2.6368307537438795e-10
1.0350074768066406	0.5889303165019031	2.3084964495545535e-10
1.0400505065917969	0.5889303165027622	1.9869672573946673e-10
1.045027256011963	0.5889303165038888	1.6583534545588918e-10
1.0500144958496094	0.5889303165044875	1.3340586968446644e-10
1.0550625324249268	0.588930316505158	1.0090805968587802e-10
1.059995174407959	0.588930316505496	6.80140527231643e-11
1.0649778842926025	0.5889303165057755	3.587198593724139e-11
1.070072889328003	0.5889303165058541	3.4036749113619535e-12
1.0750072002410889	0.5889303165058015	-2.979637717115402e-11
1.0800318717956543	0.5889303165054942	-6.19493206732713e-11
1.0850110054016113	0.5889303165051809	-9.469106054815768e-11
1.0899548530578613	0.588930316504483	-1.2713607944192518e-10
1.0950310230255127	0.5889303165039101	-1.593511711472928e-10
1.100048542022705	0.5889303165032067	-1.9242846205358433e-10
1.1050159931182861	0.5889303165019868	-2.2512361419479987e-10
1.1100163459777832	0.5889303165010216	-2.574924717890781e-10
1.1150312423706055	0.5889303164994115	-2.90075741204987e-10
1.1200742721557617	0.5888494354386596	-0.053920706684432385
1.1249933242797852	0.5883249632343945	-0.13801751762574532
1.1300091743469238	0.5876170433312919	-0.21902829608402374
1.1350343227386475	0.5859999211463064	-0.30318001185476906
1.1400320529937744	0.5847439124043878	-0.34415818251430397
1.1449823379516602	0.5826343019662724	-0.3814248507139405
1.15000581741333	0.581031779121304	-0.4313944866992995
1.1549768447875977	0.57828256908595	-0.4759265420081725
1.1599960327148438	0.5763933922079111	-0.4938005446730146
1.1650400161743164	0.5733265909089369	-0.5235478999550417
1.1700375080108643	0.5712616947788938	-0.5360173264179003
1.1750245094299316	0.5690893371604615	-0.5670002318223314
1.180027961730957	0.5657790928794784	-0.5651535584169084
1.1849849224090576	0.5635008115471973	-0.5920505042821119
1.1899755001068115	0.559897947278805	-0.6055684828469831
1.195091724395752	0.5575329375207653	-0.6067151892046504
1.2000136375427246	0.5540245428636429	-0.5958280923835148
1.2050080299377441	0.551633212394946	-0.6183555349163296
1.2100841999053955	0.5478906026761833	-0.6271047925579286
1.2150506973266602	0.5454446514733688	-0.6266405250320536
1.2199921607971191	0.5429395518120282	-0.6456782569082277
1.2250635623931885	0.5392122275983126	-0.6282435659394209
1.2300283908843994	0.5367019596056443	-0.6475235990112612
1.235058069229126	0.5329615234804429	-0.6306277066148439
1.2400202751159668	0.5304427585016722	-0.6492401888404203
1.2450025081634521	0.5266944959627575	-0.631727868153955
1.2500112056732178	0.524172714649219	-0.6495477883893747
1.2550008296966553	0.5204235214992752	-0.6322514589306553
1.2599925994873047	0.5178988022032694	-0.6503884339620817
1.264993667602539	0.5141449998435899	-0.6328087314839886
1.2700183391571045	0.5116183326231236	-0.6509159871329987
1.2750370502471924	0.5078607746542187	-0.6337281952769823
1.2800467014312744	0.5053297217982287	-0.6521664763531404
1.2850406169891357	0.5028200053032461	-0.6058156112972789
1.2900114059448242	0.49903116934423025	-0.6526010363224285
1.2950727939605713	0.4951054521274366	-0.65491256439128
1.300011396408081	0.49255782386611663	-0.6506075538617709
1.305081844329834	0.489965600903319	-0.6660665792536186
1.3100337982177734	0.4861282320790517	-0.6462653178088754
1.3150417804718018	0.48355160909332434	-0.6624882804526423
1.320044755935669	0.47973404270689246	-0.6426428547248245
1.325028419494629	0.4771709481810519	-0.6595941880217789
1.3300020694732666	0.4733678574220594	-0.6402657832682058
1.3350856304168701	0.47081449899608474	-0.656998842617934
1.3400359153747559	0.46702436449757484	-0.6392365168489852
1.3450212478637695	0.4644732883968869	-0.6564456680288123
1.3501148223876953	0.46068831689611034	-0.6374461365950163
1.3550136089324951	0.4581429782807449	-0.6561037142017357
1.3601891994476318	0.45419913852413674	-0.6571785622173382
1.3649940490722656	0.4516414027135748	-0.6539208386792758
1.370072364807129	0.44772664348703134	-0.6512067796966717
1.3750848770141602	0.44519387436508373	-0.6470779184634178
1.3800151348114014	0.44261306065225736	-0.6639925203020668
1.384983777999878	0.43878696773200143	-0.6432696748122811
1.3900389671325684	0.4362237226507233	-0.6592020976329288
1.3949882984161377	0.43242284131255887	-0.6405672895962403
1.4000864028930664	0.4298674782344854	-0.6573992333622957
1.405033826828003	0.4260754021775951	-0.6396536110322969
1.410006046295166	0.42352257724530684	-0.6568619828529371
1.415013313293457	0.41973567372757226	-0.6376074326915774
1.420015573501587	0.4171916923054964	-0.6550324382729508
1.425034999847412	0.4132511555943124	-0.6574767626902883
1.4300708770751953	0.4106946856233325	-0.6523744853689882
1.4351003170013428	0.4080948738090652	-0.6686071212925414
1.440164566040039	0.4042417166929286	-0.6484228717754731
1.444986343383789	0.401655691815234	-0.6655927979024757
1.450021505355835	0.39900150265209894	-0.6806451217552086
1.4550621509552002	0.3950888350037495	-0.6573059041350858
1.4602038860321045	0.3911487033860979	-0.6570024233929598
1.4650309085845947	0.3885917784258623	-0.6534911964564699
1.470015525817871	0.3859895430086581	-0.6676544400678678
1.4749882221221924	0.3821487431239482	-0.6457485037182679
1.4800105094909668	0.3795754339119564	-0.6617052281820904
1.4850256443023682	0.37576151396960555	-0.6422435075022291
1.490049123764038	0.3731993546212015	-0.6595022574983901
1.4949777126312256	0.37066279285572473	-0.6121712209573763
1.5000240802764893	0.36684021351052887	-0.6571522583176995
1.5050463676452637	0.3628884767847421	-0.659467561698949
1.5100302696228027	0.3603243851715637	-0.6542294635644975
1.5150701999664307	0.3564036135481966	-0.653522494002691
1.52001953125	0.35386188887831665	-0.6489919908260414
1.525019645690918	0.35127587038372055	-0.664640370303928
1.5300490856170654	0.34744722924046884	-0.6442402979658223
1.5351812839508057	0.3435783031364305	-0.6459848705695569
1.5400197505950928	0.3410621303652399	-0.6437396186536354
1.5450422763824463	0.3384956758502043	-0.6592493628916688
1.5500755310058594	0.33469854682575645	-0.6394884876250285
1.555081844329834	0.33214626724415575	-0.6573011377002785
1.5602493286132812	0.32835388169198554	-0.6389173086871615
1.564990758895874	0.3258011973562842	-0.6585128662304377
1.570009469985962	0.3220030653597856	-0.6373680504273188
1.5750081539154053	0.31946410105985784	-0.6535281054701799
1.580016851425171	0.31569374456586247	-0.6353866737046164
1.5850231647491455	0.31315733717561395	-0.6533009388702818
1.590017318725586	0.30938715403132966	-0.6354839277519627
1.5950262546539307	0.3068504921049012	-0.6532562701872889
1.6000394821166992	0.3030809382652854	-0.6353908719388154
1.6050279140472412	0.30054420776544744	-0.653436231332203
1.6100525856018066	0.29677344738266076	-0.6354031495213267
1.6149547100067139	0.29423683456967503	-0.6534680190712027
1.6199913024902344	0.2904673043282966	-0.6343632973563617
1.6250073909759521	0.287935984828285	-0.6521522872383593
1.6299996376037598	0.2841712564643923	-0.6347753242851132
1.6350164413452148	0.281637022521407	-0.6526845569445129
1.6400439739227295	0.277870369983571	-0.6350269688942002
1.6450703144073486	0.2753345393721657	-0.6533577952035893
1.6500134468078613	0.27156293652627345	-0.6359401520843374
1.6550164222717285	0.26902517395066633	-0.6531285654608957
1.6600184440612793	0.26509660000951357	-0.6555605640090302
1.6650326251983643	0.2625475617391659	-0.6504612766934087
1.6700687408447266	0.2599555522793065	-0.6665419443788944
1.675011157989502	0.2561140750439958	-0.6466658275124796
1.6800341606140137	0.25353677623624693	-0.6625110768756276
1.68507719039917	0.24971926624520735	-0.6427602562759068
1.6900193691253662	0.2471546744908373	-0.6603121930267176
1.6950311660766602	0.2445179728400609	-0.6774679759590877
1.7000138759613037	0.24061874872535016	-0.6552293471690221
1.7050127983093262	0.23800970914753178	-0.6703279156296557
1.710010051727295	0.2353363547171193	-0.6865175403310732
1.714996576309204	0.23138764002951348	-0.6627139654540165
1.720041275024414	0.2287512866222523	-0.676812268672566
1.7251734733581543	0.22485591913758265	-0.6549185505829992
1.7300195693969727	0.22224447690404436	-0.6722114932952586
1.734992265701294	0.2195641266657927	-0.6871816108969525
1.7400095462799072	0.21561672136528592	-0.6620361820569983
1.7450079917907715	0.21298289094676415	-0.67641255243482
1.7501442432403564	0.2090896817969997	-0.654170838178956
1.7550301551818848	0.20648179680894363	-0.671318260199555
1.7600369453430176	0.202613764745596	-0.6494203373468336
1.7649893760681152	0.20002795058167117	-0.6648011521984699
1.7699825763702393	0.19619817940943615	-0.6439972188915583
1.774993658065796	0.19363137768599617	-0.6602896746532875
1.7800123691558838	0.19099460458080045	-0.6779511603184222
1.7849879264831543	0.18709065781161732	-0.6561257269358475
1.7900772094726562	0.18447826194795475	-0.6710828088075248
1.7951486110687256	0.18061278168549608	-0.6507959939275957
1.8000738620758057	0.17801678203352556	-0.6681232204722302
1.8050355911254883	0.17544725453698515	-0.6201098626916789
1.8100275993347168	0.1715900135650673	-0.6623333078794519
1.8150222301483154	0.16894680258656272	-0.6792518702183862
1.8200373649597168	0.16503721438062513	-0.6567008128578108
1.8250415325164795	0.16242244072637857	-0.6719310534236073
1.8299951553344727	0.1585529068184445	-0.6506222067940147
1.8349955081939697	0.15596150217206145	-0.6658888697571378
1.8400187492370605	0.15212623579030224	-0.6452515053678577
1.8450229167938232	0.14955332960966178	-0.6620750385785622
1.8500077724456787	0.14573599117838515	-0.6426782063473483
1.8550245761871338	0.14317312809805863	-0.6593864857152639
1.8599958419799805	0.1393711049936965	-0.6404037940711206
1.865013837814331	0.13681664708990432	-0.6572997185730641
1.8699986934661865	0.13419096287109963	-0.6753572844473205
1.8750221729278564	0.1303013161522412	-0.653614054391977
1.8800575733184814	0.1276978720055144	-0.6693003326809032
1.8849964141845703	0.12384149230322437	-0.6489431848223403
1.8899953365325928	0.12125590996358533	-0.664443984584857
1.8949692249298096	0.11742870253740265	-0.6439903698947417
1.9000232219696045	0.11486143050524773	-0.6603212529225623
1.9050228595733643	0.11105412030408622	-0.641561740753858
1.9100446701049805	0.10849413039675126	-0.6589178207495233
1.915085792541504	0.1046937752215252	-0.6402384445303796
1.9200520515441895	0.10213843440510266	-0.6581074162890056
1.9250025749206543	0.09818199862016246	-0.6596412969645712
1.9300060272216797	0.09561915848585319	-0.6532842526286587
1.935060739517212	0.09301804694658497	-0.6685103539340026
1.9401202201843262	0.08916634905759827	-0.6483781959304477
1.9450509548187256	0.08658012653931223	-0.6656424747359552
1.9500432014465332	0.08274373498570704	-0.644924542427442
1.9550371170043945	0.08017389345458412	-0.6609696495241092
1.959996223449707	0.07636399334110974	-0.6413692829900769
1.9649944305419922	0.07380668828890333	-0.6578291957903769
1.9699885845184326	0.07001424517895023	-0.6387070780200615
1.9750819206237793	0.06746596983991264	-0.6559885620030504
1.980029582977295	0.06368027516700517	-0.638697418147565
1.9850332736968994	0.06113100942267605	-0.6560152357383023
1.9902656078338623	0.05734800371263795	-0.6373291734038588
1.9950120449066162	0.05480001739748991	-0.6579310688087682
2.000061511993408	0.05100274233438011	-0.6374012513544131
2.005002498626709	0.04846288300191283	-0.6540147772241013
2.010031223297119	0.044530565587914996	-0.6556755484890832
2.015048027038574	0.041980982342284354	-0.65077710287994
2.0200092792510986	0.03938728941379088	-0.6670075948799153
2.0250096321105957	0.03672613198348798	-0.6833785659997785
2.0305981636047363	0.03279514988125624	-0.6599839720810835
2.035121202468872	0.028993605699968998	-0.6452913979011531
2.0399961471557617	0.026419081796065762	-0.6593179276475462
2.0452351570129395	0.022475639758193756	-0.6560346168978989
2.0500407218933105	0.019921594425809527	-0.653509767032214
2.0550506114959717	0.017317954490594673	-0.6679726620221053
2.060012102127075	0.013475249493904568	-0.6462780190937724
2.065002679824829	0.010899721773129466	-0.6621835422737371
2.0700016021728516	0.007084128530308797	-0.6421664914269273
2.0750272274017334	0.004523208887840165	-0.6590119007820087
2.0800230503082275	0.0007226200200788537	-0.6402943120619197
2.085033416748047	-0.001832104792977979	-0.6575870228343724
2.0900912284851074	-0.005786551561927381	-0.6596670084983972
2.0949935913085938	-0.008351870373337882	-0.654799919568935
2.0999813079833984	-0.010958748706677278	-0.6692337325370962
2.105039119720459	-0.014810137967007217	-0.6475066893210465
2.110046863555908	-0.017391698348297364	-0.6643885094271046
2.115036964416504	-0.02122250779851269	-0.6448256554345942
2.1200501918792725	-0.023793464208002463	-0.6613591619310594
2.125028133392334	-0.02760612174207885	-0.642000070693365
2.130138635635376	-0.030166505467098828	-0.6587543864477
2.135042667388916	-0.03396679939332746	-0.6410715913127102
2.1400203704833984	-0.03652425385236505	-0.6576206388049736
2.1450445652008057	-0.039149264154973	-0.6747588148929312
2.1499862670898438	-0.043034876880996185	-0.6533087049603518
2.1549909114837646	-0.045636330471546124	-0.6682103875347344
2.160036087036133	-0.049483743853674794	-0.6471310887056908
2.165057420730591	-0.052064054024162684	-0.6640214340038956
2.1701159477233887	-0.055892844479701595	-0.6446368960402936
2.175081968307495	-0.05846470512914945	-0.6621726474600974
2.1800456047058105	-0.062283131228004954	-0.6425302264885261
2.1850814819335938	-0.06484432083250045	-0.6587441504662369
2.1902475357055664	-0.06864240716723766	-0.6399480862680506
2.1950104236602783	-0.07119934992671657	-0.659557649617014
2.2003591060638428	-0.07500354036606229	-0.6385115784390153
2.2050304412841797	-0.07755358282023811	-0.6589659050779407
2.2101306915283203	-0.08150839089714797	-0.6571417550389537
2.2149999141693115	-0.0840630309524199	-0.6524140187184712
2.220184803009033	-0.08797020546013576	-0.6504931677035887
2.225034713745117	-0.09050283346006811	-0.6479767679156166
2.2300260066986084	-0.09438841010560334	-0.6471813869038455
2.2350096702575684	-0.09690505058860192	-0.6425567971877991
2.240000009536743	-0.09946702239262004	-0.6591253974983348
2.2450122833251953	-0.10326699312704364	-0.6398171559013562
2.250009059906006	-0.10581956725536465	-0.6571474487446377
2.2550394535064697	-0.10961011923111356	-0.6384979432362544
2.2600128650665283	-0.11215836633219833	-0.656289153859111
2.2651569843292236	-0.11610501002882027	-0.6581889244276428
2.2700655460357666	-0.11866634170073051	-0.654556233536674
2.2750566005706787	-0.12127412886235116	-0.6696597895867241
2.27999210357666	-0.1251284782630566	-0.6480248014236717
2.2849624156951904	-0.1290123323446833	-0.6473719658751388
2.2899868488311768	-0.13152970135133205	-0.6425946678035871
2.2950057983398438	-0.13409225617821155	-0.659572731392596
2.2999887466430664	-0.13789644783109137	-0.6408161656606394
2.305056571960449	-0.14045272886264326	-0.65783762771014
2.3100976943969727	-0.14424751238351996	-0.6398132421531543
2.31503963470459	-0.14680218447757498	-0.6580329944141964
2.320040225982666	-0.15059773220991884	-0.6387801971337922
2.3250138759613037	-0.15314538633332272	-0.6557996527003894
2.329996109008789	-0.15708817592366545	-0.6575366768538761
2.3350045680999756	-0.1596439079770348	-0.651865444564994
2.3400187492370605	-0.16355190146593848	-0.6517240268635135
2.3449883460998535	-0.16608665944222703	-0.6471373967016479
2.3501179218292236	-0.1686657737991847	-0.6631275895215832
2.355020761489868	-0.1724894499820564	-0.6448141262244321
2.359978199005127	-0.17506099018627158	-0.6609844906393613
2.365004777908325	-0.1788682147924532	-0.6404864857631726
2.3700172901153564	-0.18142280291205012	-0.6576768726300809
2.3753745555877686	-0.18537851195769947	-0.6599150091245926
2.3800277709960938	-0.1879506341439671	-0.6589312701868156
2.3850011825561523	-0.19057377729979388	-0.6715594175696843
2.3900012969970703	-0.19314839594773517	-0.6206075888282173
2.394984722137451	-0.19701136886691897	-0.6637167007669774
2.4000327587127686	-0.2009968542135092	-0.6641395290781161
2.405015707015991	-0.20357818706408717	-0.6584937632743181
2.410036325454712	-0.20619997418227395	-0.6734232321222812
2.4150145053863525	-0.2100769572752347	-0.6518801316304429
2.419975519180298	-0.21267375977919722	-0.6674029258795041
2.4249918460845947	-0.2165172159682852	-0.646152443382411
2.4300713539123535	-0.21909254102122902	-0.6625193492513096
2.435027599334717	-0.22173932076971412	-0.6809434788876935
2.440077543258667	-0.22566039270199623	-0.658237055528153
2.4450316429138184	-0.22828083049870448	-0.6735042382167725
2.4499990940093994	-0.2321587653460327	-0.651453115986845
2.4550037384033203	-0.23475252718415576	-0.6664729615129096
2.460063934326172	-0.23859121109818027	-0.6458276112874773
2.464993715286255	-0.2411670475267816	-0.6630887677968332
2.4702212810516357	-0.24498959164196604	-0.6427911699539802
2.475034236907959	-0.24755617513076691	-0.6621711601471155
2.4800217151641846	-0.2513768240124725	-0.6416073613112382
2.4850451946258545	-0.2539322195774517	-0.6573001986506873
2.490002393722534	-0.2577224617306972	-0.6386319385297737
2.495022773742676	-0.26027024623308953	-0.6556096741491234
2.4999847412109375	-0.26405138391396993	-0.6372102340546414
2.505016326904297	-0.26659397952710623	-0.6544137751350493
2.5100786685943604	-0.26920915662051104	-0.6729639228312817
2.5150182247161865	-0.2730879885989253	-0.6527657647591675
2.520005226135254	-0.27568823528971476	-0.6679843377948228
2.5252363681793213	-0.27953423455043797	-0.6467452381823949
2.5300228595733643	-0.2821164168439377	-0.6659943600714932
2.534984827041626	-0.28611171181591677	-0.664228526570592
2.5399842262268066	-0.2886904471378521	-0.6570381397455184
2.544978380203247	-0.2926245377073197	-0.6555677911829473
2.5499908924102783	-0.2951729120490563	-0.6501872337120408
2.5549914836883545	-0.29907249124965485	-0.6504950298660434
2.5600545406341553	-0.3016025135493612	-0.6459046138078125
2.565028667449951	-0.3041786650156381	-0.663185253032733
2.5700111389160156	-0.30800267981111784	-0.6434659407183615
2.5750513076782227	-0.31056783527088255	-0.6598577573092276
2.5799901485443115	-0.31437260633738706	-0.641046114845346
2.5852057933807373	-0.3182212239540443	-0.6421225347333076
2.590024948120117	-0.3207242031844181	-0.6412520604730271
2.595024347305298	-0.323282715072474	-0.657352079507126
2.6000733375549316	-0.3270690337436376	-0.6375940477087841
2.605027675628662	-0.3296141974215051	-0.6557022876706738
2.6100070476531982	-0.33223424744448743	-0.6736260651479292
2.6150012016296387	-0.3361128016463183	-0.6517738545967472
2.619957447052002	-0.3400194490845024	-0.651380025145243
2.6250357627868652	-0.34255169825636345	-0.6460454328863586
2.6300971508026123	-0.34512775885752583	-0.6632064577875508
2.635023593902588	-0.3489538788569409	-0.6446792388505732
2.639996290206909	-0.351524140437157	-0.6607622930196436
2.644989490509033	-0.35533096264013286	-0.6406040595822481
2.6499927043914795	-0.3578856499967941	-0.6574502413798743
2.6550064086914062	-0.3616771994535564	-0.6386755091520732
2.6599667072296143	-0.3642258753777503	-0.656260370204636
2.665091037750244	-0.3680111058106063	-0.6373259138651745
2.6700522899627686	-0.37055616423223003	-0.6562541169853567
2.6750266551971436	-0.3743448867720114	-0.6380537942438146
2.6800060272216797	-0.37688982271374805	-0.6549785243300189
2.684992790222168	-0.379506151592755	-0.6728077928891613
2.690012216567993	-0.3833809475307045	-0.6512991317034419
2.6950254440307617	-0.3859758083226769	-0.6672310735881911
2.700014114379883	-0.38982060133564833	-0.6469463472836378
2.705026626586914	-0.39239938142654956	-0.6632079962312104
2.710104465484619	-0.3962218358408821	-0.6434849892219884
2.7150113582611084	-0.3987896080455367	-0.6613433199558255
2.720012664794922	-0.40260305232214333	-0.6412075014743325
2.725039005279541	-0.4051589650469628	-0.6577005511039863
2.730036497116089	-0.40895228529166433	-0.6391772384634559
2.7350144386291504	-0.41150294618644384	-0.6566381028948861
2.740039825439453	-0.41529010285558215	-0.6377741958724515
2.7450437545776367	-0.4178352095492293	-0.655466332629486
2.750062942504883	-0.4216173361641072	-0.6373055502564268
2.7550604343414307	-0.42416114250070946	-0.6551570410949906
2.759993553161621	-0.42794142346695313	-0.6369555460066517
2.76505708694458	-0.43048213178150946	-0.6536875053651755
2.7700283527374268	-0.43425295993373725	-0.6360232870703665
2.775261163711548	-0.43679220862455553	-0.6537765933112519
2.780031442642212	-0.4405684032125402	-0.6386269524178337
2.7850985527038574	-0.4431167052609463	-0.6545574383461518
2.7901039123535156	-0.44563086002561947	-0.6064587067680599
2.7951698303222656	-0.4494272795637735	-0.6540809738501058
2.800063371658325	-0.45204288179632063	-0.6734450066891894
2.8050649166107178	-0.45472862783902235	-0.6888534857805454
2.8099629878997803	-0.45868707455032104	-0.6640932767780635
2.8150079250335693	-0.4613267536116437	-0.6768569121846654
2.8200509548187256	-0.4652193930216503	-0.6543475719699477
2.8250136375427246	-0.4678269007893369	-0.6705209826573201
2.8301467895507812	-0.4704045210923195	-0.6219613656738384
2.8350465297698975	-0.47427806101757164	-0.6667054039992167
2.8403568267822266	-0.47812153584426087	-0.64580062552087
2.845050096511841	-0.4807002619472738	-0.6656950966864795
2.8499746322631836	-0.4846914074846662	-0.6628525685301218
2.855069637298584	-0.4872637231272227	-0.6551419879782859
2.860015392303467	-0.48987265969322336	-0.6710602087469634
2.8650150299072266	-0.49373867877974353	-0.6496190655071207
2.8700459003448486	-0.4963262134853578	-0.6652555185085719
2.8750429153442383	-0.5001599783454068	-0.6453968072255635
2.8800265789031982	-0.502733555936432	-0.6620752671690439
2.8849940299987793	-0.5065497766647635	-0.6422636296806036
2.889991521835327	-0.5091103450981013	-0.6586556106095683
2.895012617111206	-0.5129074081504024	-0.6394167383735802
2.900219202041626	-0.5167501546961009	-0.64191218539911
2.9050161838531494	-0.5192527651528799	-0.6411432737608719
2.9100959300994873	-0.5218103495785621	-0.6569370873156885
2.915081024169922	-0.5255952620826142	-0.6381465908735878
2.920060634613037	-0.5281427793076373	-0.6558719398388885
2.925006628036499	-0.5319256934946052	-0.6371336919057581
2.9300026893615723	-0.5344669235760032	-0.6538831309560721
2.9354708194732666	-0.5382378106263119	-0.6353718835659771
2.940019130706787	-0.540783048662472	-0.6592436639026079
2.9450414180755615	-0.5434165145297847	-0.6741835339590269
2.9500579833984375	-0.5472873294874089	-0.6504133280505674
2.9550418853759766	-0.5498791857802275	-0.6665234211915828
2.960132122039795	-0.5537196177967393	-0.6459855470390646
2.965020179748535	-0.5562962716636134	-0.6635018825481321
2.970038414001465	-0.5601211204257175	-0.642771989260842
2.975081443786621	-0.5626827414529919	-0.6591613646663553
2.9799442291259766	-0.566647357192175	-0.6615252322162092
2.9849987030029297	-0.5692159380581711	-0.6539590992357941
2.990079879760742	-0.5718188566903606	-0.6692100314389177
2.9951210021972656	-0.5756760936708593	-0.6495575131597141
3.0000662803649902	-0.5782668572006047	-0.666618506770274
3.00510835647583	-0.5821056635955519	-0.6440813470429002
3.010010004043579	-0.5844738866234035	-0.5286807140618378
3.0150668621063232	-0.5862334986938817	-0.36789727693849195
3.020014524459839	-0.5879074172344604	-0.194556838087884
3.0250513553619385	-0.5884179168028356	-0.06937360300870216
3.0301804542541504	-0.5885582356999078	-2.6009272513505266e-10
3.0350208282470703	-0.5885582357009108	-2.339977656085068e-10
3.0400640964508057	-0.588558235702252	-2.0245694010156967e-10
3.045013189315796	-0.5885582357029963	-1.6959400550575765e-10
3.0499956607818604	-0.5885582357039495	-1.373447744423828e-10
3.0555224418640137	-0.588558235704434	-1.0487799517733265e-10
3.060039758682251	-0.5885582357049913	-6.886441417108813e-11
3.0650150775909424	-0.5885582357052078	-3.942868948003664e-11
3.0700697898864746	-0.5885582357053006	-7.008532643126841e-12
3.0750186443328857	-0.5885582357052767	2.5928963837129615e-11
3.080059766769409	-0.5885582357051083	5.817667181329256e-11
3.0850250720977783	-0.5885582357046936	9.10256037212065e-11
3.0899956226348877	-0.5885582357042648	1.2338052801652566e-10
3.0953009128570557	-0.5885582357034599	1.5576959166985205e-10
3.100011110305786	-0.5885582357027678	1.9033991049965948e-10
3.1050169467926025	-0.5885582357015645	2.2103247010463178e-10
3.11041522026062	-0.588558235700615	2.5365148870193366e-10
3.1150619983673096	-0.5885582356990225	2.8882768399185466e-10
3.1200013160705566	-0.5884882950535408	0.046627096506355714
3.124979257583618	-0.5880234582302609	0.12688691384496914
3.1300175189971924	-0.5873579445121451	0.20921645495662322
3.134979486465454	-0.5857905897442711	0.2958685614687989
3.1399950981140137	-0.5845624398870374	0.33704413366113195
3.1449995040893555	-0.583121670305617	0.3935899261387924
3.150001287460327	-0.5807340058413255	0.42467096455883147
3.154995918273926	-0.5789710949098072	0.4699052449593607
3.1599860191345215	-0.5761776374669303	0.4864308417190647
3.164992570877075	-0.5741884470928514	0.5234257129731551
3.169994592666626	-0.5711102847475207	0.5299373010997926
3.175079107284546	-0.5689609327081423	0.5615119074122595
3.179995536804199	-0.5656780400897902	0.5619611467432323
3.18501353263855	-0.5634112381372404	0.5887814711153893
3.1900863647460938	-0.5599869590345037	0.5827187547463021
3.1949942111968994	-0.5576423097880092	0.6084153736679617
3.1999921798706055	-0.5551962096149052	0.6320532661824955
3.2049944400787354	-0.5515400285594941	0.6179791350486589
3.209994077682495	-0.5490676565305223	0.6380669430781577
3.21498441696167	-0.5453789198652882	0.6229867879418848
3.219991683959961	-0.5428883480742676	0.6422856908671509
3.2249646186828613	-0.5390158296654377	0.6471298321978972
3.23007869720459	-0.5364982265303622	0.6427732116948882
3.2349231243133545	-0.5327984193134943	0.6249655030000364
3.2400410175323486	-0.530301703787726	0.6426798756081494
3.2451488971710205	-0.5264258201294545	0.6484313640476776
3.2500181198120117	-0.523900104896541	0.6458951050203473
3.2550241947174072	-0.5213254677583272	0.6614160870881668
3.260038375854492	-0.5175161761562396	0.6412279322701492
3.2650034427642822	-0.514958179804294	0.6584681987741935
3.269991636276245	-0.5111611014005669	0.6391804285178678
3.2749998569488525	-0.5086118015856328	0.656125109989793
3.280036449432373	-0.5048273924303887	0.6376273811177978
3.2850358486175537	-0.5022820230882866	0.6556776126934273
3.290019989013672	-0.49849833923165215	0.6375250681865067
3.2950427532196045	-0.4959544848624111	0.6548672297353252
3.3000333309173584	-0.49217644686032314	0.6368042974406433
3.305077314376831	-0.489634707442687	0.654458141631561
3.3101882934570312	-0.48585811554654296	0.636813885948955
3.315047264099121	-0.48331355397236325	0.6561791507334321
3.3201680183410645	-0.47952726882117014	0.6366519892905266
3.325007915496826	-0.47698665535818696	0.6549912321107433
3.330002784729004	-0.47305145991957315	0.6553323149543772
3.335016965866089	-0.4705044739836647	0.6498134185134828
3.340019702911377	-0.46791514394227324	0.6658784151716374
3.345024585723877	-0.4640779264773107	0.6456768362724469
3.3500070571899414	-0.4615037042975022	0.6622435066701368
3.3550236225128174	-0.4576864809518879	0.6424114254947088
3.3600525856018066	-0.45512442921699026	0.6594178802083351
3.364961624145508	-0.45132104968374026	0.6407832666016914
3.3699846267700195	-0.44876614100666573	0.6569098022998597
3.375016689300537	-0.44481753566827775	0.6587402203031204
3.3799870014190674	-0.44225612303140216	0.6536576683266345
3.384950876235962	-0.4383388212706172	0.6528822522688321
3.390002727508545	-0.4358010282729907	0.6474123394520713
3.395014762878418	-0.4332203330420778	0.6640954529263173
3.4000484943389893	-0.42939129994180525	0.6445820384850832
3.405000686645508	-0.4268203095459144	0.6617407547535276
3.4099743366241455	-0.423005330864709	0.6418190613415001
3.415081739425659	-0.42044686108950663	0.6581547862458842
3.4199941158294678	-0.41665025388777494	0.6404552976573729
3.4249935150146484	-0.41409497499226516	0.6571678230443238
3.430060386657715	-0.4101457314383919	0.658644667310056
3.4350075721740723	-0.4075841533479444	0.6539737511221105
3.4400558471679688	-0.4036652399891054	0.6529734275953668
3.444985866546631	-0.40112560144261167	0.648545544980149
3.4499475955963135	-0.39854146764513326	0.6640438359888149
3.454991102218628	-0.39471736780146416	0.6431294209867494
3.459990978240967	-0.39215264443229	0.6602311855187034
3.4649534225463867	-0.38834472196897146	0.6412250079536447
3.4700095653533936	-0.38578770065751594	0.6578069960284582
3.4750142097473145	-0.3819940861906063	0.6394763531304338
3.4799976348876953	-0.3794416227400661	0.6571786876925699
3.4850401878356934	-0.37565110047875855	0.6383626513340913
3.490015983581543	-0.3731033760339921	0.6562425248157183
3.495043992996216	-0.36931706091373967	0.6376935367557627
3.500030517578125	-0.3667721977504286	0.6554307532646152
3.5050151348114014	-0.3629905124462489	0.6370679967390035
3.5099642276763916	-0.36044859759551273	0.654385942152253
3.5149919986724854	-0.3566746133454999	0.6354429532341589
3.520028829574585	-0.3541386131272013	0.6532716110769387
3.5249874591827393	-0.3503675950842543	0.6359388865115653
3.5299911499023438	-0.34782933643729785	0.6533949513123111
3.534999370574951	-0.34406018437036856	0.6352219066720076
3.5399880409240723	-0.3415243114248325	0.6531777619600833
3.5450053215026855	-0.3377551250620905	0.6351548054892476
3.5499980449676514	-0.3352195704527249	0.6531549100291004
3.554959774017334	-0.33260875782786464	0.671698774785834
3.560039758682251	-0.32873967877739146	0.6502116612327579
3.565056562423706	-0.3261481018894856	0.6669164034401368
3.570016860961914	-0.3223030003494115	0.6471307559434633
3.5750269889831543	-0.3197239622239737	0.6630436729035604
3.5799999237060547	-0.31590334749171334	0.6431318551952095
3.585014820098877	-0.31333900075461946	0.6596429029597483
3.590097665786743	-0.30937422927487307	0.6612379528269593
3.5950090885162354	-0.3068026484871209	0.6564950765625251
3.6000118255615234	-0.30418887091632146	0.6709923124721376
3.605099678039551	-0.30032739791612056	0.6492178794007185
3.610025405883789	-0.29773865515831494	0.6663728943447863
3.61507511138916	-0.2938977990267689	0.6455906704610893
3.6199896335601807	-0.291324465988915	0.6622725980356458
3.6250524520874023	-0.28868123853432154	0.6787703465321678
3.6300270557403564	-0.284775044319341	0.656754064357271
3.6349878311157227	-0.2821595824081264	0.6718749319327001
3.6399879455566406	-0.2782922357313147	0.6497974182687719
3.645042896270752	-0.275703849179315	0.6654791507557815
3.6501104831695557	-0.27186836032680256	0.6459050457620193
3.6553142070770264	-0.2692910557846162	0.6635968193757903
3.6601743698120117	-0.2654599451038793	0.646877808081941
3.6650502681732178	-0.26288006942578906	0.6627522036042316
3.6700499057769775	-0.2590660636841921	0.6406459592456849
3.674990177154541	-0.2565130756479864	0.6569149547925949
3.679992198944092	-0.25256648277772165	0.6577858590634152
3.6849923133850098	-0.2500097183224616	0.6522509936260853
3.690092086791992	-0.24609950768364977	0.6520164050907759
3.6950671672821045	-0.2435620469766026	0.6484927846940215
3.700056552886963	-0.24097615179327878	0.6649410603615921
3.70504093170166	-0.2371449553998717	0.6445837636257311
3.71004581451416	-0.23457543842285772	0.6609284591770764
3.7150282859802246	-0.23076553830823435	0.6414797819066002
3.7199649810791016	-0.22820715228857258	0.6583022675002005
3.725050926208496	-0.22441255477603764	0.638461701297972
3.730013847351074	-0.22186458260489156	0.6565747980944888
3.7350640296936035	-0.21807553418951828	0.6380453292112299
3.7399911880493164	-0.215529161618573	0.655954461288044
3.745046377182007	-0.21174515845161207	0.6368612664382497
3.7502353191375732	-0.2092037819642487	0.6547417739356444
3.755013942718506	-0.20542113505506374	0.6392848965965062
3.7600200176239014	-0.20287105515740622	0.6549734911562447
3.7650082111358643	-0.19909873264159375	0.6354494999089767
3.7700257301330566	-0.19656254618815183	0.6530715809734481
3.7749950885772705	-0.1927940656663556	0.6352998254531147
3.7800376415252686	-0.19025836471527757	0.6528390421861751
3.7850334644317627	-0.18649115721404655	0.6353295628167736
3.79001784324646	-0.18395434885959547	0.6533691368042854
3.7949790954589844	-0.180023625627418	0.6558130565826358
3.799992799758911	-0.1774745380899801	0.6501229514200092
3.8050076961517334	-0.1748846037721787	0.665968383636461
3.809978485107422	-0.17104681577677866	0.6458783068002564
3.8154196739196777	-0.16847228327272573	0.6620530903332672
3.819993495941162	-0.16582088857111243	0.6850048996035104
3.8250324726104736	-0.16187371961949396	0.6590055427070384
3.83001708984375	-0.15925788872288701	0.6716401452765218
3.835010051727295	-0.15658008345664232	0.6874442783756706
3.840029716491699	-0.15262702078609064	0.6633072011152362
3.845036268234253	-0.14998794422505737	0.677726450970655
3.8499701023101807	-0.14608736921461535	0.6553867045011249
3.855036735534668	-0.14347880930631987	0.6697941269890232
3.860274314880371	-0.13945863157173377	0.6700957090791625
3.8650331497192383	-0.13685115861070268	0.6663357386337826
3.870443344116211	-0.13420110657858086	0.6786047610625187
3.8750553131103516	-0.13029548410360273	0.6598151656457464
3.8799960613250732	-0.12766917441171233	0.6720322506306989
3.8849527835845947	-0.12365246759232754	0.6679303653987764
3.8899831771850586	-0.12105969604785705	0.6603730944460396
3.895598888397217	-0.11843200351239859	0.6750404782098297
3.9000251293182373	-0.114533663854879	0.6611772057367565
3.905250072479248	-0.11058504018293845	0.6536491956930089
3.9100286960601807	-0.10804283667236236	0.6503197126928176
3.9150116443634033	-0.104147832226093	0.6479927307443359
3.9200570583343506	-0.10162890038675718	0.6429804844187917
3.9249954223632812	-0.09906440973965912	0.6602181231376779
3.93009090423584	-0.09525762639343639	0.6404400621812726
3.9350779056549072	-0.092702106404331	0.6584533871050041
3.940006732940674	-0.09016802959296208	0.6117108763284137
3.9450113773345947	-0.08635074104037677	0.6561971864332955
3.949993848800659	-0.08373028107473361	0.6739204382552976
3.9549946784973145	-0.0796882443838121	0.6728742076360704
3.9600253105163574	-0.07707570098415248	0.6655020769131107
3.965069055557251	-0.07325561961211345	0.642513573481608
3.9700160026550293	-0.07069222247067845	0.6600064597609573
3.9750595092773438	-0.0668862915466994	0.6404020126015325
3.9800174236297607	-0.06433175274291691	0.6578007395227635
3.985020399093628	-0.06053763195671598	0.6386965454912948
3.990061044692993	-0.057989937107075715	0.65585772093663
3.9950318336486816	-0.05536863682154527	0.6745523201586187
