Czas:	Pozycja:	Prędkość:
0.0	5.157471845971501e-13	2.3464384732094223e-13
0.004954099655151367	5.171550476810754e-13	2.3464384732094223e-13
0.00997304916381836	6.204487371195078e-13	5.1412200885447845e-11
0.015001773834228516	1.1336195623976387e-12	1.0258660587680879e-10
0.020228862762451172	1.6463021532229029e-12	1.5375470341361108e-10
0.025074005126953125	2.6711474729421505e-12	2.0491330854355283e-10
0.02997612953186035	3.5930926320468594e-12	2.5605928488658947e-10
0.03504157066345215	8.684716375692357e-05	0.02877275826659964
0.039969444274902344	0.0003586328469767356	0.13151012881283486
0.04496574401855469	0.0011527668567276965	0.26899459066472126
0.04994940757751465	0.0032932542933327333	0.41500925530925076
0.054967641830444336	0.0050399852138922115	0.48644312351190017
0.059911489486694336	0.008315411707184259	0.5867980748617996
0.06496167182922363	0.010691739096467128	0.6355217405811724
0.07002615928649902	0.014759659971755552	0.7075008731053121
0.07496523857116699	0.017578730413031984	0.7403592714766702
0.0799567699432373	0.020614798412535166	0.8008372899117948
0.08496332168579102	0.025333550362534017	0.8139123360312674
0.09006834030151367	0.028639032316864366	0.8645460684325788
0.09496688842773438	0.03369604788805418	0.8652979309643101
0.09996652603149414	0.037189491751933174	0.9089272773176329
0.10501527786254883	0.04248176904623225	0.9009551670770766
0.11004877090454102	0.04610536000043977	0.9395839820085312
0.11498284339904785	0.05155972511242415	0.9254320894253947
0.11999893188476562	0.055272343754542895	0.9604737508882464
0.1249692440032959	0.060836691047594926	0.9419411190500107
0.12997007369995117	0.06460901052366584	0.9743919698877634
0.1351330280303955	0.07024611581475486	0.9527513544478552
0.13996458053588867	0.07405713903427345	0.9833132031868526
0.14499998092651367	0.077993892954652	1.0143081143911226
0.15000581741333008	0.08189623794199688	0.9418901896707352
0.15498685836791992	0.08777292547252377	1.0106704743682813
0.1599421501159668	0.09359936467609752	0.9808122586257841
0.16496968269348145	0.0975106107893485	1.0063512410217141
0.16994953155517578	0.10331230539619482	0.9766741674295449
0.17501211166381836	0.10720711142908285	1.002132232740166
0.18001389503479004	0.1112086004487073	1.028560982648347
0.18500399589538574	0.11712919506177931	0.9943984386346594
0.1901078224182129	0.12308345874279368	0.9919972980760956
0.19498658180236816	0.1269386430360503	0.98325814847454
0.20017528533935547	0.13283030633226672	0.9820442368950542
0.20502233505249023	0.1366479134875915	0.9740118137602445
0.21011900901794434	0.14248708961710987	0.9736227490786797
0.21502971649169922	0.14627269585802938	0.9660708494148562
0.2201676368713379	0.15206617416130286	0.9662159916086113
0.22499990463256836	0.1558234522718079	0.9589835394105919
0.2299954891204834	0.15964509424357623	0.9826730863009527
0.23498153686523438	0.1653068933488422	0.9524309003102527
0.24002552032470703	0.16910274261609187	0.976112300656168
0.24501490592956543	0.1747270832324166	0.9461880158810483
0.25000786781311035	0.1784982029367468	0.9697846899814662
0.2550179958343506	0.18408622075233497	0.9400964280620134
0.26000452041625977	0.18783309280540275	0.9635525930673348
0.2649669647216797	0.1933851913240919	0.9340446343188131
0.2700471878051758	0.1971078887928674	0.9573192159267996
0.27495670318603516	0.20262395691543633	0.9279543129636747
0.2800562381744385	0.20632226584243232	0.9510166457139946
0.28496241569519043	0.21180183164020422	0.9217705941064342
0.2899799346923828	0.21547533714961767	0.9445973849427085
0.29506373405456543	0.21924456447016646	0.9682367883398544
0.299973726272583	0.2248144202846058	0.934742099263751
0.3049776554107666	0.22853236179644673	0.9542970753938393
0.3105356693267822	0.2340215927374828	0.9216077657343391
0.3149697780609131	0.23768893013422998	0.9417064807097213
0.32005929946899414	0.24333129008604412	0.9388192799034119
0.32497072219848633	0.24697453058468344	0.9273863245539831
0.3299686908721924	0.25065963265260227	0.945016404749246
0.3350555896759033	0.2560910017207167	0.9110168472100897
0.3399832248687744	0.25971345173749666	0.9295257594668502
0.3450469970703125	0.2650587743001061	0.8971522711222559
0.3500337600708008	0.2686278040169014	0.9162158705311574
0.3550291061401367	0.2738986175090452	0.8850279779048169
0.3599812984466553	0.2774205481150208	0.9043871323255759
0.3649709224700928	0.28102448541898023	0.9246435944413052
0.37000298500061035	0.2863375537687433	0.8904495673679587
0.37497520446777344	0.28987547421648957	0.9071586002591103
0.38004088401794434	0.2950885394714084	0.8742278548599949
0.38497209548950195	0.2985640505029955	0.8916484761128156
0.39003658294677734	0.30211406660765155	0.9100770874294764
0.39501142501831055	0.30733960084099776	0.8750287247951773
0.4004058837890625	0.3125605060118693	0.8676528173303746
0.405010461807251	0.31592693141051875	0.856858241719741
0.40996813774108887	0.3193314956289471	0.8729911919362383
0.4150228500366211	0.32434827471999084	0.8412981730942981
0.41993212699890137	0.3276927325976319	0.8579787682406987
0.4249858856201172	0.332625280097581	0.827555148653996
0.4300248622894287	0.3359162393694311	0.8445166482466129
0.4349977970123291	0.3407727183899886	0.815038176043976
0.4400978088378906	0.34401461727281313	0.8320906795139555
0.4449806213378906	0.3488004547329276	0.8033302728998666
0.4499948024749756	0.35199620152099176	0.8203384015336384
0.45501708984375	0.35671489589885524	0.7921376332873284
0.4599733352661133	0.35986632114930284	0.8090045453923311
0.4649977684020996	0.36452001313692334	0.7812534658096539
0.47003722190856934	0.36762818910297423	0.7979095651974129
0.47499942779541016	0.3708066380709825	0.8151581142161344
0.480025053024292	0.375488616535941	0.7842163243089662
0.48497509956359863	0.3786027058862931	0.7980270071317055
0.4902379512786865	0.3833699888851584	0.7915823012310903
0.4950134754180908	0.38643764893750915	0.7795400900460665
0.5000073909759521	0.389529386642397	0.7914025070706847
0.5050158500671387	0.3940698847259035	0.7599291232891725
0.5100491046905518	0.3970860180582283	0.7725706405986688
0.5150101184844971	0.40152116026343687	0.7428049863762558
0.5200488567352295	0.4044708494850121	0.7559041614659092
0.5251669883728027	0.4088121053877547	0.7274143906242929
0.5300533771514893	0.41170165980573864	0.7407193337277203
0.5350017547607422	0.4159568388443374	0.7131983829131803
0.5400691032409668	0.4187905160985699	0.7265299864086527
0.5450072288513184	0.42296484070719714	0.6997627721897268
0.5500199794769287	0.42574545232257327	0.7129935614098555
0.5549757480621338	0.4298423226484133	0.6868299802871727
0.5600330829620361	0.4325716621235404	0.699868979675734
0.5650005340576172	0.43525797994656107	0.6478181995441918
0.5700008869171143	0.43927234148053773	0.6869868484097421
0.5749378204345703	0.4433789762504864	0.682149015513615
0.5799953937530518	0.4460228812430619	0.6719335834092675
0.5851449966430664	0.45002558993305875	0.664412507879272
0.5899646282196045	0.45260111440775297	0.6547789387737575
0.5949785709381104	0.45519910973037864	0.665235531830447
0.6000006198883057	0.4590165706407467	0.6389879716436015
0.6050028800964355	0.4615525777461385	0.649513922930343
0.6100001335144043	0.46528055956905706	0.6241408713679757
0.6150491237640381	0.46775799692414805	0.6345907600990002
0.6200125217437744	0.4714006836252296	0.6099179770673178
0.6250202655792236	0.473821796639832	0.6201881761945649
0.6300592422485352	0.4762009419072433	0.5736219667500242
0.6349570751190186	0.4797481032072664	0.6061108391390111
0.6400213241577148	0.48215700502264486	0.6164511949289613
0.6450724601745605	0.4856902100886911	0.5902284836520679
0.649958610534668	0.4880286333636475	0.5979158374333253
0.6551790237426758	0.4915883669648594	0.5896595506912903
0.6600337028503418	0.4938697316864001	0.5785210660613729
0.6652154922485352	0.4973040593917595	0.5686766627160305
0.6701622009277344	0.49950495803645567	0.558428324799402
0.6749720573425293	0.5017158362366403	0.5649310176112936
0.6800131797790527	0.504951260198372	0.5402437055895903
0.6851565837860107	0.5081630202003592	0.5323504117100661
0.6900243759155273	0.5102244742209042	0.5233912514660348
0.6950576305389404	0.5122979606581661	0.5301217766824766
0.7001028060913086	0.51533546846898	0.507444873762589
0.7050182819366455	0.5173459736016512	0.5140573471846013
0.7100803852081299	0.5204057362230049	0.5067302195797512
0.7150015830993652	0.5223657570163354	0.49685692607559734
0.7202005386352539	0.5253131497252465	0.48777328929072356
0.7250087261199951	0.5272000578575923	0.4784662065041429
0.7299237251281738	0.5300397128932152	0.4700984252203841
0.7350025177001953	0.5318585630719408	0.4613010549544954
0.7401700019836426	0.5345970251806321	0.4534172148157453
0.7450017929077148	0.5363514450992044	0.44498867401987513
0.7500288486480713	0.538112247447294	0.4496484926122594
0.75502610206604	0.5406856224412026	0.42924934078049387
0.7599620819091797	0.5423840168225406	0.4336726287661195
0.7650175094604492	0.5448656954017156	0.41388638356337143
0.7700114250183105	0.546503033170129	0.4180094241564036
0.7749662399291992	0.5488946370725317	0.39876194130343773
0.7800321578979492	0.5504717646633813	0.4025394853918382
0.7849678993225098	0.5527742816910649	0.38377969833836395
0.7899854183197021	0.5542916931357847	0.3871795733066096
0.7949721813201904	0.5565056696309444	0.36887268866910755
0.8000810146331787	0.5579636143024219	0.371871990698371
0.8049626350402832	0.559386871525097	0.34285514851522597
0.8099992275238037	0.5614878498657828	0.3565770867042059
0.8150477409362793	0.5628979825374395	0.359132434867331
0.8201689720153809	0.5649466758621754	0.34018029833617064
0.8249773979187012	0.566287359830485	0.34102348271863175
0.8300192356109619	0.5682316454582789	0.32276973707171835
0.8350274562835693	0.5695035505888829	0.3234836517975083
0.8400216102600098	0.5713475252482806	0.3060355585936109
0.8450291156768799	0.5725531499996797	0.3065341269002833
0.8499755859375	0.5742999353043319	0.28977169537041164
0.8550622463226318	0.5754409861639032	0.28998402129011475
0.8600625991821289	0.5770926801228162	0.2738219464034714
0.8650224208831787	0.5781702910799326	0.27369790643964714
0.8703608512878418	0.5797282723998086	0.25807699071463447
0.8750216960906982	0.5807431773460303	0.2575812499526721
0.8799772262573242	0.5817568785766085	0.2569579954222933
0.8849763870239258	0.5832159442302738	0.24084180585359166
0.890002965927124	0.5841602134433016	0.23895323771523141
0.895158052444458	0.5855155988154612	0.2235248113027128
0.9000236988067627	0.5863913263053129	0.22144094948862286
0.9050648212432861	0.5872594490297508	0.21924361134445874
0.9100651741027832	0.588499885215859	0.20382102073765512
0.9149227142333984	0.5896868808378447	0.19380357830412714
0.919966459274292	0.5904294982706945	0.18602665494243997
0.9249813556671143	0.5911551486690845	0.1826955843514808
0.929964542388916	0.5921861357920021	0.16889309702933358
0.9352269172668457	0.5928439009520782	0.16533070925499843
0.9399735927581787	0.593775294930967	0.15222367378255525
0.9449639320373535	0.5943668694782056	0.14836522621155346
0.950061559677124	0.595200783860071	0.13587399448661336
0.9550600051879883	0.5957273334422672	0.13167404349670497
0.9599800109863281	0.5964652175767106	0.11974315083442766
0.9650018215179443	0.5969275386555708	0.11516996344761637
0.9699733257293701	0.5975703794681213	0.1037610024966627
0.9750287532806396	0.5979690122673086	0.09879256242352707
0.9801280498504639	0.5985174767927195	0.08787914222026244
0.9850234985351562	0.5988527850783136	0.08250032847116623
0.9900820255279541	0.5993073211381652	0.07206451381564272
0.9950203895568848	0.599579548571335	0.06626510786814693
1.0003156661987305	0.5999434412527253	0.05667738221478663
1.0050313472747803	0.6001530207853656	0.05002515422478521
1.0100088119506836	0.60033680362058	0.043376021100611006
1.0151758193969727	0.600565057632495	0.033827806853574616
1.0199778079986572	0.600684348995246	0.026805635919047943
1.024993658065796	0.6007751811945552	0.019402538334790498
1.0299949645996094	0.6008649673720464	0.010472393842337668
1.0350499153137207	0.6008933717593181	0.0006704538267012783
1.0400025844573975	0.6008936517548776	2.9348107277726854e-10
1.044975757598877	0.6008936517560454	2.90468205044192e-10
1.0500009059906006	0.6008936517577813	2.870541582211672e-10
1.0552642345428467	0.600893651758922	2.83239154352799e-10
1.0600721836090088	0.6008936517606128	2.790234709948436e-10
1.0649688243865967	0.6008936517617197	2.744073301919059e-10
1.070058822631836	0.6008936517633562	2.6939100949974204e-10
1.0750267505645752	0.6008936517644229	2.6397484198525945e-10
1.0800502300262451	0.6008936517659952	2.5815910520421426e-10
1.0850319862365723	0.6008936517670153	2.5194429875696756e-10
1.0899271965026855	0.6008936517685136	2.4533064468812427e-10
1.0950231552124023	0.6008936517694811	2.3831861484246986e-10
1.1001646518707275	0.6008936517708815	2.309086810647898e-10
1.1049809455871582	0.6008936517717897	2.231012596887183e-10
1.1100153923034668	0.6008936517726658	2.1489682255904086e-10
1.1149864196777344	0.6008936517739382	2.0629589703169415e-10
1.120152473449707	0.6008936517751399	1.9729898270703927e-10
1.1250078678131104	0.6008936517755344	1.9729898270703927e-10
1.1299793720245361	0.6008936517766424	1.7811957464530792e-10
1.1350560188293457	0.6008936517773346	1.679382188868317e-10
1.139993667602539	0.6008936517783211	1.5736326131055023e-10
1.1450023651123047	0.6008936517789286	1.463953402947027e-10
1.1500027179718018	0.6008936517797844	1.3503517748425509e-10
1.1550476551055908	0.6008936517803009	1.2328342513523438e-10
1.160041093826294	0.6008936517810161	1.111408326481822e-10
1.164975881576538	0.6008936517814355	9.860816330142796e-11
1.1700050830841064	0.6008936517820013	8.56861664955133e-11
1.1749849319458008	0.6008936517823175	7.237563326434326e-11
1.1799697875976562	0.6008936517825797	5.867739627518631e-11
1.1849677562713623	0.6008936517829039	4.4592309011992626e-11
1.1900324821472168	0.6008936517830533	3.012123189760629e-11
1.1949937343597412	0.6008936517832041	1.526505831461744e-11
1.200061321258545	0.6008936517832345	2.4702533448677302e-14
1.205024242401123	0.6008936517832032	-1.5598893704504846e-11
1.2100121974945068	0.6008936517831086	-3.160476741426166e-11
1.21517014503479	0.6008936517828861	-4.799192987459122e-11
1.220001459121704	0.6008936517826607	-6.475936453753661e-11
1.2250313758850098	0.600893651782238	-8.190606526348176e-11
1.230088233947754	0.6008936517818751	-9.943093570718986e-11
1.2351734638214111	0.6008936517812425	-1.173329072789997e-10
1.2400400638580322	0.6008936517807367	-1.3561088363367446e-10
1.2450170516967773	0.6008936517798861	-1.5426374067040172e-10
1.2500054836273193	0.600893651779231	-1.732902987772178e-10
1.2550280094146729	0.6008936517781523	-1.9268944773109808e-10
1.2599809169769287	0.6008936517773419	-2.1245993853113987e-10
1.2649726867675781	0.6008936517759865	-2.3260054993201607e-10
1.2705824375152588	0.6008936517750151	-2.5311003293282397e-10
1.274970531463623	0.6008936517734546	-2.739871662882365e-10
1.2799851894378662	0.6008936517723161	-2.952306732417753e-10
1.285003662109375	0.60083193686088	-0.04114327327861417
1.2899606227874756	0.6004410537550725	-0.09910764331493971
1.2949764728546143	0.5999395139727282	-0.1543392407418963
1.299952507019043	0.5989171802951403	-0.19791734559191193
1.3049795627593994	0.5980476523672664	-0.2427898328248536
1.3100111484527588	0.5970750312297266	-0.23822277190425462
1.315033197402954	0.5954016002004555	-0.30951909014483764
1.3200502395629883	0.5935401325905981	-0.32853242990717674
1.3250064849853516	0.5921821992815403	-0.3608373598964005
1.3300392627716064	0.5899182408918292	-0.3882202184188967
1.33498215675354	0.5883835149475489	-0.3994634585670624
1.3399784564971924	0.5867585479435231	-0.4258215246060985
1.3449740409851074	0.5842621698456945	-0.4286018792044454
1.3501315116882324	0.5825259452981999	-0.45329684698278266
1.3549606800079346	0.5798771093555439	-0.45313110926060635
1.3600540161132812	0.578046531360391	-0.47676014297110764
1.364973783493042	0.5752666397472808	-0.47438564849966175
1.3699865341186523	0.5733537700187321	-0.4973537770904057
1.37528657913208	0.5713468301632721	-0.5209118506070218
1.3799974918365479	0.5683208846327573	-0.5138877167989302
1.385021448135376	0.5652026949523121	-0.5243310197693773
1.3900647163391113	0.5631523261242276	-0.5269740883485614
1.3950772285461426	0.5610359251797322	-0.548268873971181
1.4000868797302246	0.5578543149121795	-0.5399889759360625
1.4050374031066895	0.555686021977855	-0.5616173458702836
1.410019874572754	0.5524274822992993	-0.5529321447406064
1.4150681495666504	0.5502076060258198	-0.5748809498436949
1.4199802875518799	0.5468726549155912	-0.5657825028692645
1.4249932765960693	0.5446015829077002	-0.5880406653546977
1.4302468299865723	0.5423327299759598	-0.5482053933132431
1.434971809387207	0.5388690206823621	-0.6010820980077045
1.4400749206542969	0.5352239680287616	-0.611543430362377
1.4450252056121826	0.5328375139243142	-0.6116993217088347
1.4499967098236084	0.5303879656376687	-0.6328602903379665
1.4550187587738037	0.5267245769582284	-0.6199470482748677
1.460068941116333	0.5242409740084146	-0.6419059108408898
1.465003490447998	0.5205239624146267	-0.6292558923407405
1.4700500965118408	0.5180023879742033	-0.6518737340302669
1.4749324321746826	0.5153864614607121	-0.6756079247716011
1.4799795150756836	0.5114795957146654	-0.6599998641166018
1.4849343299865723	0.508839482482515	-0.6814053338966459
1.4899673461914062	0.5048987861046565	-0.6661292463720061
1.4948956966400146	0.5008776500259852	-0.673783460424128
1.4999823570251465	0.49824883292068817	-0.6737713131335976
1.505047082901001	0.49555096366753226	-0.6969409161593672
1.510146141052246	0.4915172176089803	-0.6824565559752025
1.5149660110473633	0.4887839076158149	-0.7062469436573735
1.5200541019439697	0.48469555723306484	-0.6918278247675436
1.5249695777893066	0.4819243444720097	-0.7161221827913287
1.5299646854400635	0.4777784406764433	-0.7016318611855559
1.5349867343902588	0.47496779366480785	-0.7263458346812095
1.539970874786377	0.4707625640147049	-0.7116890033368621
1.5450439453125	0.4679116116333547	-0.736761149046548
1.5500798225402832	0.4636461193514754	-0.7218715845722823
1.554961919784546	0.46075445996326225	-0.7472566262835347
1.5600650310516357	0.4577571757875753	-0.7737294034674997
1.5649936199188232	0.45328512970941826	-0.7549661130112195
1.569962978363037	0.4502670141945744	-0.7784812519984758
1.5749764442443848	0.44576773430667244	-0.7599268479207009
1.5799658298492432	0.442728320925992	-0.784328962345336
1.584961175918579	0.43819341785536386	-0.766288583879446
1.5899758338928223	0.4351275362884366	-0.7913948983824148
1.5949623584747314	0.4305505913849786	-0.7736117079784357
1.6000564098358154	0.4274547741740682	-0.7992668874478985
1.6050546169281006	0.42283158605924487	-0.781556753405334
1.6099655628204346	0.41970361337604256	-0.8076489272245844
1.6153712272644043	0.41646681575424577	-0.8349097310149989
1.620030164718628	0.41164466838409136	-0.8133512534605649
1.625047206878662	0.40839552001631013	-0.8374909171260958
1.6300647258758545	0.4035583808451174	-0.8163321973169155
1.6350162029266357	0.400295556910064	-0.841442191819173
1.63999605178833	0.39543339289927615	-0.8209736038116509
1.64500093460083	0.3921507682719163	-0.8468375986217294
1.650280475616455	0.38704146829867686	-0.8542385000034545
1.6556780338287354	0.3837155429421401	-0.8501036747704598
1.6601572036743164	0.37881981624489325	-0.8266106842301479
1.664994716644287	0.37551185519664476	-0.8541316687338978
1.670626163482666	0.372088734353631	-0.8829675691693508
1.6750245094299316	0.3669891841114725	-0.8600678824467112
1.6799986362457275	0.3635538023428339	-0.8853790894709574
1.6849546432495117	0.35844083445392266	-0.862691742259921
1.6899960041046143	0.35499346223275924	-0.8888360786899019
1.6950385570526123	0.3498586330994736	-0.8667402762590688
1.6999642848968506	0.34639400954512006	-0.8935318942900805
1.7049682140350342	0.3428172161707774	-0.9216101424539314
1.7101693153381348	0.33749972768357633	-0.8957940485072644
1.714951753616333	0.33211537635716937	-0.8994951579920425
1.7199766635894775	0.32861297075295837	-0.895444079119657
1.7249720096588135	0.32503730891154753	-0.9212909218361907
1.730027675628662	0.3197183047432008	-0.897166303048456
1.7350189685821533	0.3161341779677736	-0.9238409498659357
1.7400052547454834	0.31079856978709364	-0.9003201931138989
1.745051622390747	0.3072007934966935	-0.9276017052672914
1.7502567768096924	0.3018422388444071	-0.9044197432701717
1.7550506591796875	0.29822741389751145	-0.9321497518495765
1.7600107192993164	0.29284182540216147	-0.9091209516360421
1.7650260925292969	0.2892078159404114	-0.9371855122897466
1.76997709274292	0.2837927017194816	-0.91418040466712
1.7750191688537598	0.2801382658968896	-0.9424969473403073
1.7799839973449707	0.27469226352296433	-0.9194257522971709
1.7849602699279785	0.27101679262376716	-0.9479338624859266
1.7901380062103271	0.265300574581804	-0.9553248948228579
1.7950072288513184	0.26158234719299295	-0.9499484221265868
1.8000352382659912	0.2561143558392722	-0.9225869062266141
1.8049867153167725	0.25242470451478966	-0.9520680167656925
1.809967279434204	0.24692073870271208	-0.9297284148203113
1.8150193691253662	0.24320256049830652	-0.959294877611891
1.8200511932373047	0.23765774856370928	-0.9364134242092514
1.8250055313110352	0.23391354307110931	-0.9658394447575485
1.830000400543213	0.2283318116018043	-0.9424674097377981
1.8350310325622559	0.22456397719035223	-0.9717955844499244
1.8400335311889648	0.22067401605166603	-1.002215185523493
1.844985008239746	0.21489229233016474	-0.973737621996372
1.8500316143035889	0.21100758801310326	-1.0000058130366387
1.855046033859253	0.2052392248613256	-0.97188811797318
1.8600029945373535	0.20136020972891908	-0.9989528253535362
1.8650379180908203	0.1955957846753715	-0.9716314295131112
1.8701086044311523	0.19171657475600565	-0.9992857080570885
1.8750193119049072	0.187721320676318	-1.0282477387145998
1.8800196647644043	0.18179512548649002	-0.9969567138280917
1.8850207328796387	0.17782127027471228	-1.0221249983125862
1.8899750709533691	0.1737405834893191	-1.0488857313574709
1.8950068950653076	0.1677024123963268	-1.0144545735727444
1.899984359741211	0.16366293622726993	-1.038028809613188
1.9049577713012695	0.15768478365911925	-1.0053724813345983
1.9099533557891846	0.15367793557855672	-1.0304912486837816
1.9150049686431885	0.1477387966385601	-0.9996525477718583
1.920039415359497	0.14375219652917834	-1.0258793360383338
1.9249675273895264	0.13980702632346764	-0.9520744665328706
1.9299561977386475	0.13386171342298928	-1.0232657366717255
1.9351181983947754	0.12977322732467356	-1.0516159464818273
1.9400146007537842	0.12371572643537293	-1.018361100182602
1.9450044631958008	0.11965879786724642	-1.0429435216977259
1.9499566555023193	0.11365022737491938	-1.0108630848533073
1.9550013542175293	0.10962046569751092	-1.0366104460205754
1.9600918292999268	0.1033922958031523	-1.0383150532129015
1.9649944305419922	0.09935739374361136	-1.0288748580295313
1.970132827758789	0.09319352057408352	-1.0273400835723125
1.9750287532806396	0.08919949458143836	-1.0191776411407383
1.979964256286621	0.08529175746817759	-0.9419916702371993
1.984980821609497	0.07939716415508048	-1.0161687896332718
1.9900224208831787	0.07533266892033386	-1.0464374491578152
1.9949781894683838	0.06930001537394147	-1.0151006863954715
1.999950885772705	0.06525341478783091	-1.0408943549887373
2.0050148963928223	0.059253650495447396	-1.0099198726976997
2.0100221633911133	0.05522614443151272	-1.036364111409926
2.0149848461151123	0.049250511363442495	-1.0062353470849879
2.0199978351593018	0.04523656890726795	-1.033135830146193
2.0250210762023926	0.03902490427183952	-1.0360271097690792
2.0300397872924805	0.034997976093522495	-1.0271072965089392
2.0351645946502686	0.029095894443511728	-0.9936731913555494
2.040055990219116	0.025129184997448272	-1.0217769627725126
2.045039415359497	0.02104441531653666	-1.0511440567013772
2.0499866008758545	0.014987402152459743	-1.0186339347912527
2.0549981594085693	0.010928579226953372	-1.04358140255207
2.0599634647369385	0.004915828564953829	-1.0115900093310666
2.0649867057800293	0.000883373563528341	-1.037216329692018
2.0701661109924316	-0.005094856604677337	-1.0061924925399208
2.074997663497925	-0.009107025967838163	-1.0322839974654683
2.07999324798584	-0.015058279318045494	-1.0019233791228188
2.084968328475952	-0.01905422763229344	-1.028295195455558
2.089952230453491	-0.02523470141252037	-1.0305739472047275
2.0949783325195312	-0.029239705413560618	-1.0212772144298417
2.099956750869751	-0.03330584686039187	-1.0446921239970755
2.1050004959106445	-0.03932089394242513	-1.0111603210184281
2.110088586807251	-0.043349033500054875	-1.035479222707767
2.1149990558624268	-0.049313894246520266	-1.003269396727554
2.12003755569458	-0.05331224269035751	-1.0282038114383796
2.1249701976776123	-0.05923714889398257	-0.9969169662672965
2.129976272583008	-0.06321127696302505	-1.022229150262499
2.1350035667419434	-0.06910304202263678	-0.9915803393604614
2.1399691104888916	-0.07305660097749465	-1.017100206901286
2.1449520587921143	-0.0791671397628317	-1.018602394470281
2.149984836578369	-0.08312477796671536	-1.0089281992463661
2.154958486557007	-0.08714052278171198	-1.0314352588529525
2.159979820251465	-0.09307750268121517	-0.9976668369491244
2.1653056144714355	-0.09905600843452868	-0.9965868131549636
2.170003890991211	-0.10293038816136207	-0.9885784162982862
2.1750195026397705	-0.10686889301537508	-1.0124907033942003
2.1799798011779785	-0.11270143879828931	-0.9809917984980083
2.184997081756592	-0.11661076910729062	-1.005233712626437
2.1901488304138184	-0.12240274149888125	-0.9743964345704155
2.194969892501831	-0.1262864599689302	-0.9988018520511566
2.199967384338379	-0.13027280076038922	-1.0242373264075755
2.205016613006592	-0.13616624914530825	-0.9893947858114305
2.2099533081054688	-0.1401028962976211	-1.0107817725945556
2.214961290359497	-0.14591910526707932	-0.976972670269832
2.2200331687927246	-0.14980844830960627	-0.9991490754667378
2.2249646186828613	-0.15556038319162432	-0.9666837151167376
2.2300145626068115	-0.15941029143212418	-0.9893733894463637
2.2349605560302734	-0.16510775939854272	-0.9578694731435364
2.2399675846099854	-0.16892357290081883	-0.9808446695761646
2.2450249195098877	-0.17457310613855265	-0.9500292347845427
2.2499587535858154	-0.17835832641652036	-0.9731271229000478
2.255007266998291	-0.1839641375716538	-0.9428094491125765
2.2599635124206543	-0.18772096874292418	-0.9659133257138031
2.2649435997009277	-0.1915749179326042	-0.9899367871652132
2.2699732780456543	-0.19726936662345212	-0.9556288715485213
2.2749969959259033	-0.20107040130830572	-0.9756405283267089
2.280029058456421	-0.20668256762053183	-0.9423018931022717
2.2850379943847656	-0.2104325024713817	-0.9629866482731688
2.289979934692383	-0.21597427643590678	-0.9309387072344153
2.2950069904327393	-0.2196803580285619	-0.9520425573618423
2.3000197410583496	-0.22516076644475086	-0.9209321084264759
2.305009365081787	-0.2288279042968563	-0.9422441706545681
2.310009002685547	-0.23425294480104447	-0.9118189555593539
2.3150813579559326	-0.2378843479385882	-0.9331884536480488
2.3200063705444336	-0.24325787318952694	-0.9032723489268188
2.325007677078247	-0.24685555119102037	-0.9245912301483181
2.330010175704956	-0.2521799018583258	-0.8950619201568251
2.3350412845611572	-0.2557450192326233	-0.916252331629541
2.3399617671966553	-0.2610214712356188	-0.8870254983681813
2.3450324535369873	-0.26455459778252743	-0.9080309400060513
2.3499693870544434	-0.26978367826500727	-0.8790490956732335
2.3550562858581543	-0.2732849659652843	-0.8998281719432282
2.3600149154663086	-0.278466676558159	-0.8710527709480402
2.3650448322296143	-0.281935984571249	-0.8915747781557883
2.3702268600463867	-0.2872833867295187	-0.8903244776102999
2.3750455379486084	-0.2907396431390631	-0.8801463110473293
2.3800227642059326	-0.29423836966549644	-0.8975166208327519
2.3850321769714355	-0.2993981229604613	-0.8656850991001597
2.3900444507598877	-0.30284087016591726	-0.8835223606237816
2.395026445388794	-0.3079220635237083	-0.8528627025463502
2.4000203609466553	-0.311314882587641	-0.8709553359805207
2.4050307273864746	-0.3163250457050765	-0.8411704438605314
2.41003680229187	-0.31967202138487405	-0.8593401908261455
2.415027379989624	-0.3246161295788787	-0.8302177420948724
2.420039415359497	-0.32791991274771043	-0.8483371395693589
2.4250457286834717	-0.3328011333301792	-0.8197291298851073
2.4299683570861816	-0.33606336438920553	-0.8377068455548913
2.4350192546844482	-0.340883591633129	-0.8095107238817967
2.440000534057617	-0.3441052000174952	-0.8272809723542005
2.44503116607666	-0.3472830113673498	-0.7665646940496114
2.450011730194092	-0.35204684892576377	-0.8169413452610006
2.455057144165039	-0.35530204207695787	-0.8350632808739686
2.460012197494507	-0.36009956244991487	-0.8038186051457272
2.4650065898895264	-0.3632923199098869	-0.8183911655442095
2.4700517654418945	-0.36643294351163813	-0.7573203095753993
2.47499942779541	-0.37112499725057335	-0.8029776653371368
2.4800124168395996	-0.3743202915825546	-0.8187132166517181
2.485027313232422	-0.3790187480236454	-0.786221577308736
2.4899723529815674	-0.382138484098565	-0.7989271012768848
2.495037317276001	-0.3867240417011109	-0.767841803947634
2.4999821186065674	-0.389772748560786	-0.7811940720580655
2.5050418376922607	-0.39425888042439017	-0.7516385280579971
2.5100512504577637	-0.39724457941013863	-0.7653563423185912
2.5149996280670166	-0.4001817579062244	-0.7082693157183559
2.520000696182251	-0.4045695096773318	-0.750808727482303
2.525052785873413	-0.4075567935963671	-0.7652973554831728
2.5299699306488037	-0.41194793910972266	-0.734609770005072
2.5349979400634766	-0.4148621514816312	-0.7461019009439904
2.540072202682495	-0.41914335599817665	-0.716615962053301
2.54496693611145	-0.4219877133008011	-0.728584541893003
2.550081491470337	-0.4263371243465687	-0.7218358033093952
2.5549676418304443	-0.4291334732026932	-0.7102642392872682
2.5599706172943115	-0.43194891722063217	-0.7202870064899114
2.5650057792663574	-0.4347101986643206	-0.6655888748898442
2.569995403289795	-0.4388191648129995	-0.7014117464759544
2.5752336978912354	-0.44300259025569566	-0.6938576028767263
2.5799686908721924	-0.44568947582924334	-0.6821218012747772
2.584996461868286	-0.44974642118725494	-0.672682187834216
2.5899856090545654	-0.45235230249249464	-0.6619747928141158
2.5952460765838623	-0.456293326780444	-0.6539103249921885
2.600043296813965	-0.45882750641232267	-0.6440703436682351
2.6050448417663574	-0.46138217018966793	-0.6539363440381962
2.6100261211395264	-0.46513369463626814	-0.6277305085730331
2.615203619003296	-0.468875032382441	-0.6212441246183538
2.619962453842163	-0.4712836237049238	-0.6124533080508463
2.625000238418579	-0.4737140435625168	-0.6223942920008416
2.629974126815796	-0.4772858853671293	-0.5978849181883468
2.635007381439209	-0.47965866766606685	-0.6076690004342655
2.6400187015533447	-0.4831461386676706	-0.5837763666180587
2.645021915435791	-0.48546292748308845	-0.593322267132631
2.6500511169433594	-0.4888679806087448	-0.5699527484934355
2.6550729274749756	-0.4911297790017402	-0.5792024096011559
2.6600501537323	-0.4944535611925209	-0.5562914820892519
2.664998769760132	-0.49666092329154526	-0.5652032794545707
2.670013666152954	-0.49882865465748516	-0.5226056464200062
2.6750333309173584	-0.5020571846214111	-0.5512508984207787
2.6800882816314697	-0.5053444723095	-0.5451145853249535
2.6850905418395996	-0.5074547271607831	-0.5354968610383424
2.6900599002838135	-0.5106365950948478	-0.527195250871149
2.6949644088745117	-0.5126775888294716	-0.5180405779017008
2.700012683868408	-0.5147292166350661	-0.5243739803471272
2.7049636840820312	-0.5177329401250516	-0.5016312763653259
2.7099664211273193	-0.5197198684265993	-0.5078975578120779
2.714967966079712	-0.5217341198990019	-0.5144198125958337
2.7199862003326416	-0.524676850523827	-0.49041494874427066
2.725013256072998	-0.5266158992329086	-0.4948264918060243
2.7299857139587402	-0.5294462175917813	-0.4718407971276449
2.735046148300171	-0.5313124781479112	-0.47640537980856607
2.7399635314941406	-0.5340381831787939	-0.45453100745154
2.745058536529541	-0.535836317929923	-0.45908615274334
2.75010085105896	-0.537594302824711	-0.4235737992205936
2.7550292015075684	-0.5401964515185586	-0.4425174882578588
2.760021924972534	-0.5427285455723749	-0.4222653676183152
2.7650017738342285	-0.5443989758035014	-0.42644978034348563
2.769972801208496	-0.546931223987429	-0.41865322913408015
2.7750091552734375	-0.548548621534603	-0.40937658505102065
2.7799782752990723	-0.5508821701243627	-0.38874862122535964
2.785001754760742	-0.5524198899587361	-0.3925689594319141
2.7900359630584717	-0.5539745425413022	-0.3964764367169464
2.795027732849121	-0.5562392495902316	-0.3766734368727504
2.7999725341796875	-0.5577258714677481	-0.37867363876645926
2.804927349090576	-0.5598877670553528	-0.3595176509785258
2.809964895248413	-0.5613066001840666	-0.36138300895403547
2.8150577545166016	-0.5634450568574256	-0.3526832794530445
2.8199636936187744	-0.564805330249936	-0.3435746979258613
2.824951648712158	-0.5668311564248829	-0.33379551921287604
2.830022096633911	-0.5681184837880539	-0.3251671734859309
2.835003614425659	-0.5699680506272002	-0.3072460534148766
2.840043544769287	-0.5711803166973798	-0.3087064546676887
2.8452463150024414	-0.5730060763767325	-0.3009750196085174
2.850029230117798	-0.5741663754864368	-0.29287693851801583
2.8550195693969727	-0.5753188572061764	-0.29269663072031243
2.8600449562072754	-0.5769849996122103	-0.276025379941444
2.8649802207946777	-0.5780706993316013	-0.2756153108153187
2.870084762573242	-0.5796388879618356	-0.25963334334460736
2.8750884532928467	-0.5806595060616304	-0.2589355094354026
2.879941463470459	-0.5821318612983543	-0.2435599599683142
2.8849663734436035	-0.583088551108589	-0.24252492501856276
2.8900012969970703	-0.5845129897161714	-0.23365520235990672
2.8949849605560303	-0.585410707510597	-0.22561947932441168
2.9000113010406494	-0.5862941479788658	-0.22327149033937527
2.9050228595733643	-0.5875589580085737	-0.2082420420060735
2.9099786281585693	-0.5883736230917	-0.20570056838631195
2.914982795715332	-0.5895377765534204	-0.1914180616553388
2.9199531078338623	-0.5902857090818451	-0.18861299832904976
2.924978494644165	-0.5913517678979914	-0.17498158532692287
2.9299840927124023	-0.592034379373948	-0.17185723932705088
2.934967279434204	-0.5930040946863064	-0.15880904689868353
2.9400081634521484	-0.593622344052144	-0.1553263108720888
2.9449942111968994	-0.5944968992090859	-0.14281423589513342
2.9506144523620605	-0.5950514301714351	-0.13894580303308918
2.955007791519165	-0.5958316141681214	-0.126937390188061
2.959965944290161	-0.5963228522898322	-0.12266432146653639
2.965031385421753	-0.5967970803226093	-0.11810399694750967
2.9699740409851074	-0.5974558350578062	-0.10620307809292368
2.975041627883911	-0.5978634423044605	-0.10092082260685975
2.97997784614563	-0.5984232390304107	-0.08960713880813276
2.9850528240203857	-0.5987648906314561	-0.08400397064051951
2.990004301071167	-0.599227431305211	-0.0732850101438644
2.9950687885284424	-0.5995041390092185	-0.06732712180082473
3.000006675720215	-0.5998706999243295	-0.05715693096744329
3.0049808025360107	-0.600083174244495	-0.050818274139151076
3.0100414752960205	-0.6003546477603399	-0.041164602095067115
3.015026330947876	-0.6005033863614625	-0.034427282431396034
3.019944429397583	-0.6006803996478688	-0.025267956568614858
3.024970054626465	-0.6007657543550154	-0.018119892965645812
3.0300519466400146	-0.6008275007787279	-0.014186971289361805
3.035029411315918	-0.6008709781748742	-0.001873079793925314
3.040114402770996	-0.6008718311249502	-2.932373788233633e-10
3.04499888420105	-0.6008718311261171	-2.9022456660143803e-10
3.0500166416168213	-0.600871831127271	-2.86810464267262e-10
3.0550296306610107	-0.6008718311289841	-2.82995515910045e-10
3.0600292682647705	-0.6008718311301077	-2.787798325520896e-10
3.0650219917297363	-0.600871831131771	-2.7416363623800066e-10
3.069993257522583	-0.6008718311328575	-2.6914737105698805e-10
3.074951648712158	-0.6008718311344613	-2.6373120354250545e-10
3.07997465133667	-0.6008718311355045	-2.5791546676146027e-10
3.0850226879119873	-0.6008718311365236	-2.5170060480306233e-10
3.089998245239258	-0.6008718311380207	-2.4508697848979466e-10
3.0950095653533936	-0.600871831138987	-2.3807497639971587e-10
3.1000125408172607	-0.6008718311404005	-2.3066501486646018e-10
3.104980230331421	-0.6008718311413076	-2.2285756573481308e-10
3.1100099086761475	-0.6008718311421825	-2.1465315636071125e-10
3.114980936050415	-0.600871831143453	-2.0605220307778893e-10
3.120029926300049	-0.6008718311442592	-1.9705534426428528e-10
3.1250345706939697	-0.6008718311454228	-1.8766302400941015e-10
3.130013942718506	-0.6008718311461537	-1.778758806914027e-10
3.1349968910217285	-0.6008718311472004	-1.6769452493292647e-10
3.1400067806243896	-0.6008718311478499	-1.57119567356645e-10
3.1451454162597656	-0.6008718311487485	-1.4615164634079747e-10
3.1499955654144287	-0.6008718311493103	-1.3479148353034986e-10
3.1550228595733643	-0.6008718311498259	-1.2303975893690478e-10
3.160137891769409	-0.6008718311505398	-1.108971803276404e-10
3.165053367614746	-0.6008718311509583	-9.836448322531055e-11
3.1700215339660645	-0.6008718311515228	-8.544248641939589e-11
3.1750502586364746	-0.6008718311518381	-7.213196706601366e-11
3.1800103187561035	-0.6008718311522435	-5.843373701575061e-11
3.1850149631500244	-0.6008718311524489	-4.434864281366302e-11
3.190178394317627	-0.6008718311526858	-2.987756569927669e-11
3.194986343383789	-0.6008718311527755	-1.5021392116287835e-11
3.2001113891601562	-0.6008718311528046	2.1896479312881467e-13
3.2049598693847656	-0.6008718311527724	1.5842563372281404e-11
3.2099623680114746	-0.600871831152677	3.1848433612591265e-11
3.2150352001190186	-0.6008718311524531	4.823559607292083e-11
3.220033884048462	-0.600871831152097	6.500304461365403e-11
3.22495436668396	-0.6008718311518028	8.214971758402356e-11
3.2300517559051514	-0.600871831151439	9.967460190551947e-11
3.2350478172302246	-0.6008718311508051	1.175765873551171e-10
3.240070104598999	-0.6008718311502982	1.3585454983200407e-10
3.2450101375579834	-0.6008718311497546	1.3585454983200407e-10
3.249983549118042	-0.6008718311487894	1.7353399273112302e-10
3.2551023960113525	-0.6008718311476705	1.929331139294277e-10
3.2599856853485107	-0.6008718311468592	2.1270360472946948e-10
3.2650673389434814	-0.6008718311455025	2.3284421613034567e-10
3.270010232925415	-0.6008718311445301	2.533537268867292e-10
3.2749814987182617	-0.600871831143475	2.742308602421417e-10
3.2800207138061523	-0.6008718311417872	2.954743116845293e-10
3.2854113578796387	-0.6008093852283712	0.04163060792534329
3.2899701595306396	-0.6004146529526257	0.0997610421959445
3.294985294342041	-0.5999106723420581	0.15492180694446972
3.29998517036438	-0.5988852268625816	0.1983923723208879
3.3050079345703125	-0.5980139548236378	0.24320329443585348
3.3099679946899414	-0.5970398158743255	0.23858256249465953
3.3149948120117188	-0.5953644694977854	0.30981113143105227
3.320072889328003	-0.5935014472143204	0.3287694771974033
3.325073719024658	-0.5921426437380184	0.36104362637529225
3.329981803894043	-0.5906563954773612	0.39245342110597153
3.3350021839141846	-0.5883422467588022	0.39960914287139176
3.3400485515594482	-0.586716744968212	0.4259482916627942
3.3450546264648438	-0.5842196920298293	0.42870477482023056
3.3500125408172607	-0.58248308976702	0.45338638150347016
3.355026960372925	-0.579833777190078	0.4532037835805663
3.3599846363067627	-0.5780029324177313	0.47682338046041356
3.3649818897247314	-0.5752227041617781	0.4744369777690451
3.3700544834136963	-0.5733096460107102	0.4973984412045757
3.375056505203247	-0.5704137970785683	0.49332562221390636
3.3800196647644043	-0.5684271743636512	0.5159125297742531
3.3849997520446777	-0.5654267374580494	0.5105192898292588
3.390056610107422	-0.5633728155503118	0.5329303573699762
3.3950886726379395	-0.5602758186396347	0.5264758167155406
3.399994373321533	-0.5581591832905459	0.5488498021432062
3.4050703048706055	-0.5559501613819094	0.5720449784308235
3.4099833965301514	-0.5526340686630115	0.5618156923435758
3.4151771068573	-0.5503815133199259	0.5826337596547453
3.419994354248047	-0.5470052732319155	0.5720789049473824
3.4250378608703613	-0.544711087441325	0.5935196648325498
3.4300780296325684	-0.5412711782662357	0.5829713517819166
3.434995412826538	-0.5389330324374629	0.6049518971965899
3.4400527477264404	-0.5354265981399524	0.5942857345924921
3.4450364112854004	-0.5330429917258097	0.6167273637750543
3.450028419494629	-0.5293059794191659	0.626646263386256
3.4550397396087646	-0.5268613769660454	0.6263593518080739
3.460031032562256	-0.5243541603538142	0.6475104180521447
3.4650113582611084	-0.5206072946666097	0.6338088538013193
3.470022678375244	-0.5180690063165994	0.6558356975223174
3.4749600887298584	-0.5142724267762437	0.6425062254268614
3.4800286293029785	-0.5116984638022466	0.6652457032711758
3.485041618347168	-0.5091342210536851	0.6193546268617807
3.4899790287017822	-0.5052337214077643	0.6753755094351379
3.495283365249634	-0.5011468870766783	0.6846738745097685
3.50009822845459	-0.49847753749673507	0.6834315686168146
3.505009889602661	-0.49574412476438334	0.7053739588524495
3.5099639892578125	-0.4916654652369811	0.6893057730448617
3.514962673187256	-0.48890701204418036	0.712207011325803
3.519935131072998	-0.48478693325189337	0.6966655902886087
3.525003671646118	-0.4819979617291363	0.720331761699764
3.529953956604004	-0.4778296483673975	0.70504873669452
3.5349655151367188	-0.47500645848691786	0.7293190256207995
3.540024995803833	-0.47078540114565415	0.7141023141829199
3.5450143814086914	-0.4679255898400536	0.7388610891482155
3.5499842166900635	-0.4649625726819989	0.7647539628838662
3.5550408363342285	-0.46054303386377154	0.7459905999738907
3.5600340366363525	-0.45604837997946257	0.7521239305496719
3.5649967193603516	-0.45311647699975227	0.75064442354092
3.570096015930176	-0.44859024996039565	0.7578134577407063
3.574971914291382	-0.44563523557138457	0.7568457170707408
3.580033540725708	-0.44260713334198565	0.7816476695607149
3.5849711894989014	-0.4380865042392587	0.7641121654364478
3.589995861053467	-0.43502861200425613	0.7895010878811137
3.594970703125	-0.4304617487447286	0.7720745196601422
3.5999720096588135	-0.42737157433570594	0.7979293045000351
3.6049678325653076	-0.4227555068028614	0.7804710500294256
3.6100564002990723	-0.4196315195838532	0.8067042034806382
3.6150307655334473	-0.4149644931009936	0.7891162129131792
3.619976043701172	-0.41180584427844447	0.815663971823136
3.624952793121338	-0.4070869666230938	0.7978782905401447
3.6299703121185303	-0.40389329164288984	0.8246936408312207
3.6351430416107178	-0.39891102841737974	0.8337291155600086
3.6399965286254883	-0.39566323011207594	0.8306665080370306
3.6450042724609375	-0.3924742337750471	0.7690988583664207
3.649970531463623	-0.3876377205079009	0.836711975271212
3.65525484085083	-0.3825795142191962	0.8468097732269482
3.659970998764038	-0.3792799410403847	0.8441548870483209
3.664980888366699	-0.37590679329265303	0.8696576148053075
3.670107364654541	-0.37088292806157575	0.8479926039735379
3.675023317337036	-0.36749322979733756	0.8742219038010575
3.679999828338623	-0.36244146069488026	0.8529931868691165
3.6850790977478027	-0.35903091264136344	0.8797971721134548
3.690035104751587	-0.3555082601247841	0.9078578911102988
3.695000648498535	-0.3502690599954996	0.8828188938151624
3.699995517730713	-0.34674530931811787	0.9075574025652557
3.7049834728240967	-0.3415074081295452	0.8831533710929202
3.7099945545196533	-0.3379802127713104	0.9089529109574799
3.7149641513824463	-0.33273162502102505	0.885456490127102
3.7199671268463135	-0.32919372572114863	0.9120609073318993
3.725041627883911	-0.3239254104941724	0.8891184549179663
3.7299630641937256	-0.32037188919631887	0.9163166552553612
3.7351980209350586	-0.3148472893537145	0.9232127324679869
3.740004062652588	-0.31125411278324067	0.9179930322000334
3.7449846267700195	-0.30759135327735765	0.9430157258003129
3.749981164932251	-0.30215071549456535	0.9169367179209642
3.755159378051758	-0.2966359181658899	0.9216683715262222
3.7599849700927734	-0.2930463699755582	0.9179618789458976
3.7649731636047363	-0.28937990670706637	0.9448784391837948
3.7700467109680176	-0.2839238394228967	0.9204246807440211
3.775050163269043	-0.280246481742142	0.9479303981581244
3.7799973487854004	-0.27477155455874064	0.9238360327174104
3.7849955558776855	-0.2710798941412188	0.951771463733603
3.789964437484741	-0.2655820120344688	0.9278497970677482
3.7950384616851807	-0.2618739116254726	0.95610022664623
3.8002846240997314	-0.25635058473472105	0.9322211013003106
3.8049848079681396	-0.25262480639298523	0.9607034049932328
3.8099732398986816	-0.24707468084963802	0.9367766148955179
3.815026044845581	-0.24333062330837127	0.9654299781275351
3.820126533508301	-0.23775314976359008	0.9413935537138609
3.824965000152588	-0.233990662863341	0.9701729173892324
3.830059289932251	-0.2301080896218354	1.000112544450209
3.8349850177764893	-0.22433949020005672	0.9713448972369843
3.839953899383545	-0.21850483670328089	0.9742524189263044
3.844996929168701	-0.21471275310446333	0.9690415560497074
3.8500900268554688	-0.20888778998617544	0.9731142531305157
3.8550024032592773	-0.20509902312793749	0.9685345953978151
3.8600213527679443	-0.20123231926747245	0.9960344419308262
3.864985942840576	-0.19548343037862403	0.9692625561611292
3.870035171508789	-0.191612916267804	0.9972244325217019
3.8749730587005615	-0.18585610666039587	0.9707926683391725
3.879995107650757	-0.1819789148080517	0.9990744638656823
3.88503360748291	-0.17596204681544342	1.0046859948203826
3.8900303840637207	-0.17205397230317535	0.9977329276558096
3.894968271255493	-0.16807632253638052	1.0232619933527012
3.8999857902526855	-0.16217739335910553	0.9931691970944545
3.9050052165985107	-0.15821574613533212	1.0196753587601832
3.90999698638916	-0.1523347420424977	0.990676308364876
3.9150049686431885	-0.1483814577186532	1.0178906731125912
3.920024871826172	-0.14250886898038984	0.9896117464393961
3.925074577331543	-0.13855878152719303	1.017310711767082
3.93009614944458	-0.13268830657640118	0.989484781091045
3.9350404739379883	-0.12873805250505566	1.0175080616173147
3.940004348754883	-0.12482307259116623	0.9449689409570596
3.944983720779419	-0.11891315557426271	1.0181806490083627
3.9502644538879395	-0.11303643919363636	0.9907571907454327
3.955021619796753	-0.10908048442349677	1.0191149898817125
3.959995985031128	-0.10319815778066178	0.9917379523088963
3.965040445327759	-0.09923820585503067	1.0201601888894904
3.970064640045166	-0.0933497915824637	0.9927681005590907
3.9750282764434814	-0.08938574002226175	1.0212095748365213
3.9800164699554443	-0.08530283189096523	1.0507649174805787
3.984997034072876	-0.07924735524126748	1.0185387013607516
3.9900076389312744	-0.07518825404836028	1.0438303502062847
3.9950547218322754	-0.06917298782029364	1.0122636412906247
