Czas:	Pozycja:	Prędkość:
0.0	6.8369473516723e-310	6.8369473516707e-310
0.0031104087829589844	0.0	0.0
0.00811624526977539	0.0	0.0
0.013110160827636719	1.8684621905240562e-13	5.2887041968041615e-11
0.018110036849975586	4.634770761624551e-13	8.542838658698315e-11
0.023107051849365234	1.0412076756338706e-12	1.1800856125621095e-10
0.02811884880065918	1.578364938747967e-12	1.5057008417862505e-10
0.033101558685302734	2.5471011411148933e-12	1.832279328262132e-10
0.038073062896728516	3.34494951181874e-12	2.1569626640349782e-10
0.04315495491027832	4.703917588777529e-12	2.480915195501865e-10
0.04815673828125	5.7625130223115665e-12	2.8120616946125665e-10
0.053130149841308594	5.4015851220478914e-05	0.03601056279502546
0.05811023712158203	0.0003384597804288516	0.114381984698957
0.06311750411987305	0.001386003081339265	0.21543857236704966
0.06814813613891602	0.0023189431819894556	0.267367420975985
0.07310104370117188	0.004019645830806406	0.319367611559512
0.07814741134643555	0.005395046226259838	0.3776382248809552
0.08308577537536621	0.0076966937182133795	0.4118757111493675
0.08813858032226562	0.009412166339654067	0.45820040296035003
0.09329104423522949	0.012305545354503504	0.49817758781326893
0.09811878204345703	0.014280172314501465	0.5156006384416653
0.10312581062316895	0.016376534653014894	0.5477744125943985
0.10814070701599121	0.019579690875737667	0.5487547804017786
0.11312055587768555	0.021798224213540666	0.5780051055771095
0.11815047264099121	0.02516726735639121	0.5740657508232411
0.12319540977478027	0.0274786509444578	0.6001071039800588
0.1281299591064453	0.03096704115875505	0.5929393389221965
0.13314104080200195	0.033347153048561166	0.615721186477782
0.13809657096862793	0.0369151284444125	0.6045813928270692
0.1431107521057129	0.03933761570215724	0.6258694657835521
0.14815545082092285	0.04312197266024626	0.6336917684110311
0.15314936637878418	0.04559166432334054	0.6320202796719171
0.15840482711791992	0.04923429153405549	0.6151670102648948
0.16315841674804688	0.05170076141607122	0.6387445422844461
0.16819524765014648	0.05539666051292656	0.6220489690459207
0.17316174507141113	0.05788008019386734	0.6405454690096112
0.17807459831237793	0.060443830836454396	0.6602981515804794
0.1831505298614502	0.06425031827889681	0.6401266865907366
0.1881551742553711	0.06680379013269085	0.6577550972694558
0.19315648078918457	0.07059949775272244	0.6394567737090727
0.19818925857543945	0.07315091222579502	0.6568160501234276
0.2031383514404297	0.07694012976112458	0.6386418288521222
0.20815467834472656	0.07948802349542286	0.6555892973443399
0.21315503120422363	0.08326875904513606	0.6370968153773781
0.21815180778503418	0.08581160074582518	0.6547861997588843
0.22307109832763672	0.08958930377587444	0.6365240324722318
0.2281489372253418	0.09212812361827684	0.6531205034963591
0.2331993579864502	0.09605957919669422	0.6566430347385351
0.2381882667541504	0.09861407812411158	0.6522131532858128
0.2431507110595703	0.10121306827050919	0.6680828043908732
0.24815058708190918	0.10506071983197503	0.6468355537810343
0.2532339096069336	0.10763827785888556	0.6629149219511535
0.2581818103790283	0.11146067486980778	0.6441942849456673
0.2631642818450928	0.11402992494470827	0.6607356550375992
0.2681243419647217	0.11666725939072532	0.6777952515517637
0.2732107639312744	0.12056814096885943	0.6550111269652602
0.27819061279296875	0.1231774077554996	0.6711586228236407
0.28315258026123047	0.12704457276573738	0.6501341351661435
0.2881901264190674	0.12963393933602793	0.6654372367871507
0.29313063621520996	0.13346770660921414	0.6454062243935451
0.29816603660583496	0.13604031020523616	0.6613788795440735
0.3034677505493164	0.13868075284295056	0.678949433720116
0.30820655822753906	0.14259616208239118	0.6607507655825705
0.3131837844848633	0.14522656473209464	0.6738960650896028
0.31812381744384766	0.14909829424442375	0.6502760788009726
0.3231074810028076	0.15168736526795804	0.6651464059606614
0.32820844650268555	0.15434041027786036	0.6814818263249592
0.33313608169555664	0.15826358627356873	0.6598222618368043
0.33814358711242676	0.1608902133955445	0.6742044300577966
0.34316110610961914	0.1649310720880864	0.6727152693717703
0.3481018543243408	0.1675434155666535	0.6656002510648825
0.3532242774963379	0.17152225222163142	0.6619638004290976
0.3583817481994629	0.17409623822893133	0.6573002420721895
0.36313629150390625	0.1767184169532613	0.6751101012760877
0.36820220947265625	0.1806053740746409	0.6510547170626869
0.3731701374053955	0.18319577141095023	0.6661416810288491
0.37815046310424805	0.18703432564298458	0.6455633976147824
0.38317155838012695	0.1896069788435508	0.6616019569791555
0.38814854621887207	0.193420550464231	0.6421903250584186
0.39315366744995117	0.19598175270073426	0.6589534782871908
0.39810967445373535	0.19994254144735205	0.6605503892122037
0.40314483642578125	0.2025090504718616	0.6542211552252749
0.4082019329071045	0.20511436351552814	0.6697860252725637
0.4131619930267334	0.20897399856087473	0.6496706413452692
0.418137788772583	0.2115631064762199	0.6654994168739442
0.423189640045166	0.2153963020712461	0.6447144929287972
0.42815613746643066	0.21796732342708547	0.6618239714091007
0.43314146995544434	0.22178343129976738	0.6421565696766786
0.4382181167602539	0.22434366699983277	0.6586996479812638
0.44317054748535156	0.22697577925399606	0.6773870208720815
0.4482460021972656	0.23087760103126376	0.655250691379697
0.45318174362182617	0.23348749084290402	0.6712102392926952
0.4581482410430908	0.237353689905749	0.6495234389724472
0.46326255798339844	0.2399400120506266	0.6646696185970703
0.46819067001342773	0.24377112384799524	0.645769312036581
0.4731638431549072	0.24634634454069762	0.662039019120016
0.4786207675933838	0.24898797263704084	0.6787058050625084
0.4831533432006836	0.2515953184082309	0.6289774102094375
0.48813891410827637	0.2555375376039628	0.6734228434145683
0.4931201934814453	0.2595616040226003	0.6693424691723534
0.4981391429901123	0.262160302656443	0.6620091380170324
0.5030584335327148	0.26612271968404727	0.6601130632205608
0.508108377456665	0.26868649393652744	0.6532257303928634
0.5131337642669678	0.2712876498173475	0.668850087671447
0.5181353092193604	0.2751419814156193	0.6485591045161322
0.5230963230133057	0.2790334595146777	0.6492183211193044
0.5281071662902832	0.2815579757894556	0.6442627493439078
0.5331013202667236	0.2841262845176026	0.6608127370560563
0.5381345748901367	0.2879361107212009	0.641400513703967
0.5431766510009766	0.29049501016251755	0.6588327223552094
0.5481343269348145	0.2942961488661674	0.6406061523496959
0.5531096458435059	0.2968516401578932	0.6574829702409261
0.558159351348877	0.3006419975228614	0.6381698437502407
0.5631363391876221	0.30318893776603395	0.65609632254489
0.5681302547454834	0.3069746840746401	0.6376286573257438
0.5731287002563477	0.3095186726047045	0.6549399186275232
0.5780982971191406	0.31329684136416375	0.6365914055322469
0.5832316875457764	0.3158369121966111	0.6538414505189584
0.5882158279418945	0.319776777270033	0.6585297282406585
0.5931661128997803	0.3223373886223476	0.6531508626021955
0.5981624126434326	0.32493781714953685	0.6679816665622634
0.6031367778778076	0.32878398513423673	0.6468644908249249
0.6081357002258301	0.3313617707881421	0.6628130771626118
0.6132769584655762	0.3351812740142583	0.6428675023309286
0.618079662322998	0.3377477289587633	0.6615363388931733
0.6231293678283691	0.3415622199542589	0.6404287721989227
0.6281185150146484	0.34411421447161	0.6569891885301814
0.6331100463867188	0.3479041455660402	0.6383462343292557
0.6388473510742188	0.3504509366120475	0.6556044759746257
0.6431581974029541	0.35424706029246916	0.6467544816893341
0.6483583450317383	0.35811694239161307	0.6407867698416848
0.6531744003295898	0.3606106970159249	0.6385565192927593
0.6581432819366455	0.36315835104626154	0.6546672232416239
0.663137674331665	0.36692945175140446	0.6349495326683522
0.6681549549102783	0.3694632216093542	0.6524845919537382
0.6732330322265625	0.3733904905956992	0.6555673808665435
0.6781520843505859	0.3759411967548444	0.6515101059609044
0.6831197738647461	0.3785367344637247	0.666724296176498
0.6882054805755615	0.38237503532067185	0.6453448230763704
0.6931941509246826	0.38494882855178686	0.6627461490377543
0.6981236934661865	0.3887713644343312	0.6434170695775824
0.7039856910705566	0.39133561481505785	0.6592278162927897
0.7081270217895508	0.395151398755932	0.6508960516216628
0.7131845951080322	0.3977449164730402	0.6611688936524355
0.7181637287139893	0.4003715260088698	0.6745845019584741
0.7231593132019043	0.40425477708317586	0.6524663753595169
0.7283370494842529	0.40816515450188706	0.6519603753750544
0.7331557273864746	0.41070387380641193	0.6494402648074357
0.7381844520568848	0.41459559342323504	0.6478270615989751
0.7437667846679688	0.417115095733735	0.6435269124377608
0.7481472492218018	0.4195839151235108	0.5952557145010798
0.7531371116638184	0.4233522555212919	0.6458382124757008
0.7582030296325684	0.42592514293108685	0.6616469818422915
0.7631371021270752	0.42973991125120514	0.6428276181655418
0.7681829929351807	0.43230350937806866	0.6592453816078466
0.7731292247772217	0.43610393934717434	0.640378504820173
0.7781345844268799	0.43865834679537113	0.6571276334908737
0.7831504344940186	0.44260850982567984	0.6588837911708233
0.7881238460540771	0.4451700417264913	0.6535412156819648
0.7931244373321533	0.4477728392042745	0.6687830535654581
0.7984914779663086	0.4516242537880158	0.6477551102191045
0.8031260967254639	0.45535626974783244	0.6324585678051474
0.8081865310668945	0.45788145283062204	0.6481430531901039
0.8131215572357178	0.4604686053586039	0.666038206168663
0.8181498050689697	0.4643076612325167	0.6453990262281549
0.8235900402069092	0.46688004973762626	0.6618853097836438
0.8281395435333252	0.47070478262899085	0.6481825466758299
0.8331589698791504	0.47328802151839056	0.6613783373015895
0.8384320735931396	0.4770882510348658	0.6394969820143498
0.8431692123413086	0.47964491334209464	0.6603226318900705
0.8482763767242432	0.4836089324869136	0.6590806267848633
0.8530621528625488	0.48617128087813116	0.6543422584055166
0.8581030368804932	0.4887749196245141	0.667554477686339
0.8631207942962646	0.4926146755097843	0.6460694840633013
0.8681862354278564	0.4951911101624672	0.6629250471997697
0.8731780052185059	0.4977403152493736	0.6151756460326526
0.878143310546875	0.5015838067154059	0.6611710732545723
0.8832063674926758	0.5053948588904411	0.6412912274612649
0.8881776332855225	0.5079533612355547	0.6589343585483182
0.8931708335876465	0.5117545128343128	0.6399417191016857
0.8981626033782959	0.5143068781314639	0.656910117567958
0.9032175540924072	0.51809535574785	0.6380935422034332
0.9081315994262695	0.5206424746585792	0.6562163044565942
0.9131073951721191	0.5232637433670395	0.6735878059030548
0.9181182384490967	0.5271407015960538	0.6514244829659458
0.9231088161468506	0.5297355764777619	0.6671360980844038
0.9281299114227295	0.5335790638193976	0.6465006617669092
0.9331271648406982	0.5361563785880592	0.663089319527684
0.9381403923034668	0.5399788757535492	0.643389683935435
0.9431643486022949	0.5425447639366652	0.6603285299293357
0.9481213092803955	0.5463528587351183	0.6414500573878273
0.9531817436218262	0.548911051034264	0.6580811268613252
0.9582140445709229	0.5527061372414386	0.6397401045785703
0.9631638526916504	0.555260192594301	0.6577961403482185
0.9681644439697266	0.5590542934488758	0.6386206637252293
0.9731845855712891	0.5616015071903582	0.655708954266763
0.9781055450439453	0.565384281915681	0.6375164372748691
0.9831571578979492	0.5679272326795125	0.6541566421936665
0.9881393909454346	0.5704422936015766	0.6068976029169421
0.993145227432251	0.5742398363613529	0.6539794372548485
0.998218297958374	0.5781744956902255	0.6565895301073631
1.0031936168670654	0.5807287693948903	0.6523055389435076
1.008162021636963	0.583265783729445	0.626491982172022
1.013148307800293	0.5866874875261491	0.5263098062821233
1.0181639194488525	0.5886224157363824	0.45893509688687917
1.0232551097869873	0.5910662703077434	0.37266283476082573
1.0281100273132324	0.5924342880125139	0.32428049181577234
1.0332138538360596	0.593624680025218	0.28217370649920415
1.0381762981414795	0.5951268246997021	0.22903808641444046
1.0431690216064453	0.5959675915568375	0.19929738653195395
1.048133134841919	0.5970285455846921	0.16176792715594723
1.0531554222106934	0.5976223730523313	0.1407622810868322
1.0580823421478271	0.5983717170885822	0.1142554983457621
1.0631461143493652	0.5987911330655971	0.09941936480914715
1.0681393146514893	0.5993203892521702	0.08069781892210848
1.0731322765350342	0.5996166196748286	0.07021916682192575
1.0782053470611572	0.5998743844291209	0.06110117293162831
1.0831539630889893	0.6001996548011757	0.04959528154925896
1.0881593227386475	0.600463673884733	0.04025605129876353
1.093200922012329	0.6006114482267174	0.035028782927427615
1.0981495380401611	0.6007400339965734	0.030480277965430624
1.103149175643921	0.6009022948972804	0.02474057198684043
1.1081974506378174	0.6009931140816693	0.021527996355025225
1.1131582260131836	0.6011077177635303	0.01747408419825003
1.118182897567749	0.6011718626861163	0.01520506563580637
1.1231486797332764	0.6012528064244961	0.012341817268003097
1.1281588077545166	0.6012981115119755	0.010739226130313417
1.1331489086151123	0.6013552814796109	0.00871693484755598
1.1381700038909912	0.6013872801299918	0.00758503650299347
1.143373727798462	0.6014276588580423	0.006156707029967068
1.1481659412384033	0.6014502592696772	0.005357255546498352
1.1532375812530518	0.6014787784685925	0.004348436935198152
1.1581568717956543	0.6014947409732603	0.003783790226871364
1.16318678855896	0.6015086307387226	0.0032924631756932055
1.1681933403015137	0.6015261580736452	0.0026724632335933807
1.1731443405151367	0.6015359683129279	0.002325442547665091
1.1781485080718994	0.6015483477407912	0.0018875411443770584
1.1831774711608887	0.6015552766407102	0.0016424429838436394
1.1881513595581055	0.6015640201396449	0.0013331564404398533
1.1931688785552979	0.6015689139707434	0.0011600454106579505
1.1981709003448486	0.601575089439793	0.0009415985977206942
1.2031488418579102	0.6015785459167374	0.0008193315494225972
1.2081739902496338	0.6015829076051491	0.0006650441706168575
1.213132619857788	0.6015853488894165	0.0005786878528341033
1.2181270122528076	0.6015884295178915	0.0004697158109011612
1.2231833934783936	0.6015901537790308	0.0004087229782084867
1.2280995845794678	0.6015923296042859	0.0003317568257256154
1.2331223487854004	0.6015935474372585	0.0002886780361780472
1.2381386756896973	0.601595084206648	0.00023431740823753877
1.2431631088256836	0.6015959443531278	0.0002038911757255013
1.2481074333190918	0.6015970297620555	0.00016549666365295312
1.2531092166900635	0.6015976372771938	0.00014400683920023916
1.2580723762512207	0.6015984038935436	0.00011688907745144306
1.2630600929260254	0.6015988329770215	0.00010171097235533999
1.26810884475708	0.6015992063437957	8.85037517857068e-05
1.2731654644012451	0.601599677491024	7.183771239449577e-05
1.2781522274017334	0.601599941197233	6.25095495525585e-05
1.2831695079803467	0.6016002739650583	5.073844839320607e-05
1.2882087230682373	0.601600460218816	4.4150035523049524e-05
1.2930991649627686	0.6016006222874302	3.841713135732672e-05
1.2981367111206055	0.6016008267999461	3.118284567538154e-05
1.3031551837921143	0.6016009412678175	2.713373758833626e-05
1.308142900466919	0.6016010857135048	2.202421476771299e-05
1.3131639957427979	0.6016011665613211	1.9164359478351933e-05
1.3181102275848389	0.6016012685822487	1.5555541056255784e-05
1.3231620788574219	0.6016013256844673	1.3535646279927427e-05
1.3282101154327393	0.601601397741099	1.0986764343634547e-05
1.3332018852233887	0.6016014380719764	9.56012750186197e-06
1.3381342887878418	0.6016014889650458	7.75987092060948e-06
1.3431830406188965	0.6016015174504482	6.752247802332967e-06
1.3481731414794922	0.6016015533958491	5.480739809771151e-06
1.3531310558319092	0.6016015735148794	4.769063008391861e-06
1.3581311702728271	0.6016015910214436	4.149797795061083e-06
1.3631069660186768	0.6016016131127753	3.3683541595941335e-06
1.3681347370147705	0.6016016254775329	2.930971688686057e-06
1.3731014728546143	0.6016016410804781	2.37904379096765e-06
1.378171443939209	0.6016016498136154	2.070123769626342e-06
1.3831195831298828	0.6016016608338609	1.6803011555488467e-06
1.3881418704986572	0.6016016670020117	1.4621132136127812e-06
1.393354892730713	0.6016016747855301	1.1867843646706788e-06
1.3981330394744873	0.6016016791420498	1.0326798233206702e-06
1.4031291007995605	0.6016016846394917	8.382170759713148e-07
1.4081225395202637	0.6016016877164695	7.293741697278477e-07
1.4134843349456787	0.6016016915992723	5.920265615522169e-07
1.4181339740753174	0.601601693772519	5.151516184742633e-07
1.4231605529785156	0.6016016956635687	4.4825892553390645e-07
1.4281458854675293	0.6016016980498625	3.638478045520088e-07
1.4332618713378906	0.6016016999867961	2.953320418219718e-07
1.4381022453308105	0.6016017010709188	2.569830258591921e-07
1.4431166648864746	0.6016017020142675	2.236136537048239e-07
1.448136329650879	0.6016017032046685	1.815052254050542e-07
1.4531667232513428	0.6016017038709488	1.579366816217842e-07
1.4581804275512695	0.6016017044507123	1.3742852611464684e-07
1.4631905555725098	0.6016017051823092	1.1154952062053525e-07
1.4681682586669922	0.6016017055917919	9.70647594522589e-08
1.473146677017212	0.6016017061085136	7.878660090998579e-08
1.4781315326690674	0.6016017063977283	6.855611967004904e-08
1.4831511974334717	0.6016017067626848	5.564639449229247e-08
1.4881443977355957	0.6016017069669549	4.842068357380214e-08
1.4931941032409668	0.6016017072247211	3.93026416967146e-08
1.498110294342041	0.6016017073689955	3.4199173160054386e-08
1.5031325817108154	0.6016017074945359	2.9758394970436086e-08
1.5081193447113037	0.6016017076043255	2.753809402733509e-10
1.5131840705871582	0.601601707605362	2.4288623889923144e-10
1.5181198120117188	0.6016017076067534	2.0988347171346788e-10
1.5231170654296875	0.6016017076075285	1.7772122662407241e-10
1.5281329154968262	0.6016017076085297	1.4515813551163603e-10
1.5331761837005615	0.6016017076090449	1.1247389131163743e-10
1.5381929874420166	0.6016017076096539	7.961095671582541e-11
1.5431616306304932	0.601601707609907	4.69204813891011e-11
1.5481235980987549	0.601601707610124	1.4543827947521848e-11
1.5531163215637207	0.6016017076101176	-1.7789325568173808e-11
1.5581037998199463	0.6016017076099459	-5.0322891687049065e-11
1.5631332397460938	0.6016017076096797	-8.282227681455367e-11
1.5683135986328125	0.6016017076091172	-1.1559508905634175e-10
1.5731477737426758	0.6016017076085874	-1.4935133685334279e-10
1.5781736373901367	0.6016017076076284	-1.808517779977592e-10
1.583193063735962	0.6016017076068395	-2.1360127555603015e-10
1.5880978107452393	0.6016017076054924	-2.463088621951215e-10
1.5931625366210938	0.6016017076044432	-2.7826912996076203e-10
1.5981197357177734	0.60155527236624	-0.03095682463420707
1.6031174659729004	0.6012974200102424	-0.10721450849650355
1.6080965995788574	0.6004508390632279	-0.1887573490653875
1.6130974292755127	0.5995550639249688	-0.2641023148786349
1.618147850036621	0.5978580025192498	-0.3192718946684655
1.6231672763824463	0.5964811580496904	-0.37878905609507185
1.62827467918396	0.5941706660742803	-0.413125411103863
1.633211374282837	0.592447728713581	-0.4613492741765123
1.6381933689117432	0.5905402106986394	-0.504695960354835
1.6431539058685303	0.5884744777029297	-0.5424113221797916
1.6481797695159912	0.585294014665533	-0.5451858942393898
1.6531774997711182	0.5830890657082256	-0.5748113565665957
1.6581401824951172	0.5797364805416144	-0.5717463730040672
1.6631841659545898	0.5774345627221096	-0.5973328332960547
1.6681625843048096	0.5739631258349578	-0.5902300283132039
1.673201322555542	0.5715921938610943	-0.613904922045491
1.6782677173614502	0.5680318974102013	-0.6037653515680587
1.6831326484680176	0.5656096388270505	-0.6268028860236553
1.6881234645843506	0.5619811456163368	-0.6125719277054466
1.693098545074463	0.5595313994836686	-0.6323668771193643
1.6982903480529785	0.5558745066216128	-0.6178305599645649
1.7031443119049072	0.5533994477354625	-0.6402511371795593
1.70815110206604	0.5496956884374495	-0.6241439114716448
1.713191032409668	0.5472032382466929	-0.6426154742915055
1.7181096076965332	0.5434900052363467	-0.6271000782772737
1.7231435775756836	0.5409849515765854	-0.6451898305634857
1.7281732559204102	0.537260225466535	-0.6286815464062777
1.7331552505493164	0.5347473838635846	-0.6479511627385687
1.7381529808044434	0.5321555170495655	-0.6671522217818134
1.7431423664093018	0.5283102065570137	-0.6469351990337365
1.7481400966644287	0.5257317202509757	-0.6631192109391998
1.7531826496124268	0.5219100698752293	-0.6432115615192008
1.758169412612915	0.5193442870029752	-0.6605475281446466
1.7631258964538574	0.5155347755093308	-0.6413440347288185
1.7681622505187988	0.5129776895071939	-0.6577481666589916
1.7730810642242432	0.5104488271901414	-0.6102273162720725
1.778106451034546	0.5066359770177243	-0.6556134931003786
1.7831337451934814	0.5040173304663506	-0.6736576016931887
1.788210153579712	0.5001359013374453	-0.6527877198150188
1.793165922164917	0.4975336106252308	-0.6695511189926319
1.7981209754943848	0.49486202871703555	-0.6859161732976372
1.803161382675171	0.490918309868927	-0.6614766657580488
1.808203935623169	0.4882863182197028	-0.6761485803823558
1.813122034072876	0.4843929349930851	-0.6546787385508851
1.8181147575378418	0.4817865475459107	-0.6692161920667982
1.8231525421142578	0.47793471377537894	-0.6476481106948698
1.8281707763671875	0.47535291121374185	-0.6642885144841651
1.8332650661468506	0.47136115699186776	-0.6654932244685291
1.8381471633911133	0.46877363635880115	-0.6603786227089109
1.8431103229522705	0.4661459340565585	-0.674069588235164
1.8481411933898926	0.462269776788365	-0.651010067782089
1.8532164096832275	0.4596763884366364	-0.6669182968073116
1.8580820560455322	0.45583182273988115	-0.6475467571160453
1.8631298542022705	0.45325200139011995	-0.6625386853163621
1.8682737350463867	0.4494362394086424	-0.6426168574094947
1.8731658458709717	0.44686978893208673	-0.6616387800429323
1.8781771659851074	0.4430527016332106	-0.6417394035747307
1.88319993019104	0.4404948555057357	-0.6582226935525907
1.8881354331970215	0.43786523169688785	-0.6763743780069492
1.8931479454040527	0.43397086118731987	-0.6538527553726546
1.8982737064361572	0.43005355166951525	-0.6531039542271381
1.9031968116760254	0.42751156557331105	-0.6497861205479717
1.9081439971923828	0.42492141749613616	-0.6655617963415573
1.913151741027832	0.4210893559834111	-0.6442059331932856
1.9181742668151855	0.4185216640827265	-0.660607719921024
1.923156499862671	0.4147125652138618	-0.6415647014628242
1.928126335144043	0.4121535018321125	-0.658495733044501
1.9331929683685303	0.40962128438347833	-0.6110802106015437
1.938157320022583	0.40580665950532696	-0.6570702322641272
1.943143606185913	0.40318110525143047	-0.6750419485517024
1.9481079578399658	0.3992944710072154	-0.653096943711368
1.9531652927398682	0.3966940983724874	-0.6680740257109482
1.958174705505371	0.39284580661616464	-0.6478250822810557
1.9631505012512207	0.3902625792663825	-0.664513313981168
1.9681618213653564	0.3864329945658606	-0.6442507619693484
1.9731664657592773	0.38386441260239657	-0.6609105347962768
1.9781036376953125	0.3812250521949808	-0.6785513107677134
1.9832055568695068	0.3773196124842329	-0.6555280296551967
1.9881587028503418	0.37470856805908775	-0.6716703001524301
1.9931375980377197	0.37083878635226236	-0.6502866851367394
1.998119592666626	0.36824904671321723	-0.6656190266072693
2.003099203109741	0.36441495849706634	-0.6449200425292335
2.008125066757202	0.36184446680685317	-0.6611037652131743
2.013134241104126	0.35803342477524625	-0.6418541119228137
2.01810359954834	0.355472731574897	-0.6591121798556069
2.0231716632843018	0.35151184700812066	-0.6602921313610609
2.02817964553833	0.3489443320238909	-0.6553784255523697
2.033057928085327	0.3450147841554884	-0.655158600762943
2.038177967071533	0.3424699816215362	-0.6483858302944897
2.043184518814087	0.33988603627098585	-0.6652824126204434
2.0481810569763184	0.3360489157496954	-0.6458594510238601
2.053140163421631	0.3334740092159674	-0.6623523407638688
2.0581343173980713	0.32965689918092494	-0.6421467863117826
2.06319522857666	0.3270967302987143	-0.658738728826317
2.0681443214416504	0.32446463654890606	-0.6772642067485398
2.073138952255249	0.320564025613371	-0.6550064557904388
2.0781750679016113	0.3179566954014587	-0.6699168736926128
2.0832574367523193	0.31409815229582705	-0.6492202093599154
2.088078737258911	0.3115087711995957	-0.6665476218419136
2.093102216720581	0.30751346545638936	-0.6643016121828341
2.0981369018554688	0.3049331525941929	-0.6579387603475905
2.1030967235565186	0.3011527948716988	-0.6365218789337258
2.1081974506378174	0.2986129367542438	-0.653730950073755
2.113236665725708	0.2946756222257175	-0.6578238798913142
2.1181905269622803	0.2921167844515517	-0.6531685700658011
2.1231443881988525	0.2895151624313039	-0.6683943934165156
2.128140687942505	0.28566724338287075	-0.6467252270465315
2.133218288421631	0.28309037243615515	-0.6627020194418544
2.1381378173828125	0.2792693934945259	-0.6439113906077037
2.1431167125701904	0.2767018562992228	-0.6600800568728252
2.1481103897094727	0.2728987196866678	-0.6400951433505918
2.153172492980957	0.2703457736069666	-0.6570525711814613
2.1581575870513916	0.2665551446641757	-0.6391294944844063
2.163170099258423	0.2640041871472459	-0.6566716169079657
2.1681971549987793	0.2613805063822942	-0.6748749185016719
2.173126459121704	0.2574926846693643	-0.6537556220707438
2.1781792640686035	0.2548897241532133	-0.6684737170464273
2.183156967163086	0.25104035644952855	-0.6478925557281178
2.1881895065307617	0.2484576239764495	-0.6641181277968985
2.1931605339050293	0.24463012842415402	-0.6444445831913176
2.1982035636901855	0.24206052942451645	-0.6609162622181403
2.2031891345977783	0.23825018398289802	-0.6419186479618989
2.2081174850463867	0.23568937455903352	-0.6589736131281464
2.213524103164673	0.23173205969107674	-0.659330389628095
2.218168258666992	0.2291617946268253	-0.6588418387510159
2.223196506500244	0.22537122944774865	-0.6348434921198017
2.2281317710876465	0.2228435333025751	-0.6507309943503926
2.2330546379089355	0.2190895313858824	-0.632243654745157
2.2381651401519775	0.21656761007207928	-0.6490265012081785
2.2431342601776123	0.21397169289005502	-0.6689645151975648
2.2481689453125	0.21011358132853283	-0.6487961978521778
2.253157377243042	0.20752782268544323	-0.6651815981735166
2.2581470012664795	0.2036939655696629	-0.6450540009851716
2.263136386871338	0.20112259172736172	-0.6614153208466363
2.268258810043335	0.1973102197414346	-0.6417106035013823
2.2731621265411377	0.19474855302311386	-0.6602268118459383
2.2781295776367188	0.19093974160375257	-0.6405383356507016
2.283146381378174	0.1883869718083598	-0.6566688798521615
2.288102388381958	0.18460047232191806	-0.63798085586337
2.293170213699341	0.1820552425819123	-0.6549807444452814
2.2981765270233154	0.17827660071251825	-0.6373026097130267
2.3031508922576904	0.17573185671757707	-0.6553843036573671
2.3081493377685547	0.17179045118051595	-0.6573741370540868
2.313138961791992	0.1692349667567163	-0.6519459328489324
2.3181746006011963	0.16532696866799446	-0.6515794601676453
2.323105812072754	0.16279244748896263	-0.647249641681222
2.3281192779541016	0.1602132626796903	-0.6628604417587353
2.333132028579712	0.15639446479129218	-0.6428403365417926
2.338172197341919	0.15383037391474377	-0.6599200347107884
2.3432772159576416	0.15002409589351343	-0.6413381772645003
2.3481428623199463	0.1474630957012136	-0.6600207539251762
2.3530778884887695	0.143656442572276	-0.6398133814889712
2.358151912689209	0.1411077290334628	-0.6553633022829736
2.3631436824798584	0.13732833877019013	-0.6374043435790367
2.368171453475952	0.13478342967197696	-0.6553084554438336
2.3731915950775146	0.1322625847353784	-0.6084153173416263
2.3781094551086426	0.1284579155907615	-0.6553572902838684
2.3831675052642822	0.12584031085800138	-0.672696162212464
2.3881404399871826	0.12196650898670322	-0.6517690837061864
2.3931450843811035	0.11936947260103206	-0.6674844494374136
2.3981363773345947	0.115524720296031	-0.6467891189855398
2.403157949447632	0.11294667821766045	-0.6630350876230938
2.4081292152404785	0.10912493196561282	-0.6434699462851775
2.4131288528442383	0.10655911671188897	-0.660001500269286
2.4181344509124756	0.10275453367471604	-0.6406015090076375
2.423194646835327	0.10019903347685297	-0.6578016992390968
2.4281442165374756	0.09640393873760021	-0.6398185388132532
2.43316912651062	0.09385116691188684	-0.6568013876951723
2.438086986541748	0.09006365831789077	-0.6382238972338826
2.4431517124176025	0.08751811578779999	-0.6547501890115516
2.448193073272705	0.08374200057801841	-0.6368205598874549
2.453186273574829	0.0811984444681124	-0.655387319066382
2.4581472873687744	0.07741600444144352	-0.6372955086805151
2.463223457336426	0.07487355405530502	-0.6543299021155279
2.468310832977295	0.07109813575604057	-0.636899113205991
2.4731316566467285	0.06855311946427628	-0.6561455686913275
2.4783921241760254	0.0646128546733919	-0.6559238925249761
2.4831504821777344	0.06205865402554269	-0.6537402102067352
2.4881558418273926	0.05945464261869584	-0.6677065115603994
2.4931459426879883	0.056892388345511614	-0.6178444081814781
2.4981350898742676	0.053041088780442745	-0.6620074478395567
2.5032222270965576	0.04906455859591275	-0.6628190384104166
2.5081398487091064	0.04648727005557362	-0.6578671235089059
2.5131399631500244	0.04386827584895834	-0.672286486454342
2.518096923828125	0.03999974194456442	-0.6502799226033283
2.5231428146362305	0.03740970405134774	-0.6655763792257027
2.528156280517578	0.034753435208787146	-0.6828090684181464
2.5331437587738037	0.03082270917248822	-0.6602102463438307
2.538149833679199	0.028195156628071455	-0.674769099475068
2.5431199073791504	0.024311296503344546	-0.6527823349822318
2.5481650829315186	0.02171163036389167	-0.6679863350684027
2.5531437397003174	0.017863767328924224	-0.6476521064519997
2.558122396469116	0.015282009055687662	-0.6638848242685219
2.5631322860717773	0.012632692643983926	-0.6806502364193644
2.56815505027771	0.008715642981377222	-0.6579769773936924
2.5731799602508545	0.006095741138152215	-0.6732384800677381
2.578155279159546	0.0022185123773128183	-0.6520214214529322
2.5831961631774902	-0.00037887692332560206	-0.6675296881317428
2.588170051574707	-0.0042245041549756526	-0.6472828545851247
2.5931718349456787	-0.006804737675612883	-0.663476175847265
2.5981032848358154	-0.010628040199965546	-0.6434868629549945
2.6031405925750732	-0.013192731445447891	-0.6593622307982591
2.608201265335083	-0.01699321010969216	-0.6402781622503376
2.6132118701934814	-0.019549301763767447	-0.658470597820315
2.6183197498321533	-0.0235106802150755	-0.6608435360585377
2.623155117034912	-0.026081373151323126	-0.6565015235827237
2.628171682357788	-0.028694196619193972	-0.6701753733462766
2.6331627368927	-0.03254916545841749	-0.648236622165454
2.6382088661193848	-0.03513260754998617	-0.6643217036969801
2.6431937217712402	-0.03896169779921567	-0.6448373345412436
2.6481292247772217	-0.041533287780438924	-0.6615306382666687
2.6531057357788086	-0.0453453353192304	-0.6411256138160101
2.658179998397827	-0.04790093299595393	-0.6574619527939175
2.663121223449707	-0.051693204868746546	-0.639461198194235
2.6681089401245117	-0.0542447385218625	-0.6564601170407346
2.6731207370758057	-0.05802948219257714	-0.6374167436779242
2.6781246662139893	-0.0605731499160311	-0.6550241887030065
2.683135986328125	-0.0631909219900938	-0.673431121044216
2.6881086826324463	-0.0670705383703567	-0.6523351321911098
2.693117618560791	-0.06966881219675886	-0.6676969911665874
2.698089122772217	-0.07367617934664358	-0.66767898296653
2.703355550765991	-0.07626918302970133	-0.6606338945445857
2.7081103324890137	-0.07879991816769459	-0.609849271377979
2.7131083011627197	-0.08262546491486691	-0.656850016969425
2.718141794204712	-0.08524545154709358	-0.6734939642562364
2.723127841949463	-0.08912454770449971	-0.6524104198201769
2.728118658065796	-0.09172375708150864	-0.6680684217409686
2.733255624771118	-0.09429122866986592	-0.6194476946947131
2.7381253242492676	-0.09815363267214379	-0.6651608584821013
2.743234634399414	-0.1019885491988884	-0.6442070628355371
2.7481689453125	-0.10455690672513103	-0.6614937094596073
2.7531323432922363	-0.1083720763868841	-0.6417667824175172
2.758176565170288	-0.11092986025829876	-0.657878422626016
2.7631614208221436	-0.11472334402985619	-0.6393218724591375
2.7681455612182617	-0.11727460677845533	-0.6567046117121448
2.7731072902679443	-0.12106189379323215	-0.6378381023933147
2.778179407119751	-0.12360610249224993	-0.6547293785374834
2.7832136154174805	-0.12738353056058058	-0.6371628173289404
2.7881343364715576	-0.12992839353781419	-0.6556549697797039
2.793177366256714	-0.1337106488817006	-0.6365285975310747
2.7981460094451904	-0.13625043735286968	-0.6542510533291047
2.80315899848938	-0.140025725207797	-0.6359251184529217
2.8081772327423096	-0.14256365104146307	-0.6536458269888629
2.8131520748138428	-0.14507852453790146	-0.6070122599671902
2.818171262741089	-0.1488740392218287	-0.6534637496376622
2.8231241703033447	-0.15280625544093013	-0.6563200825903696
2.8281097412109375	-0.15535728010023156	-0.6505345793323208
2.833167791366577	-0.1592561013470261	-0.6500656452305301
2.838129758834839	-0.16178542361677092	-0.646197960168177
2.8431713581085205	-0.1643617836084715	-0.6624901044749069
2.8481814861297607	-0.1681803002551601	-0.6431406721323188
2.8532021045684814	-0.1707460410884995	-0.6603455557153105
2.8581247329711914	-0.17455426321952205	-0.6414413236117841
2.8631956577301025	-0.17711168926985177	-0.6576052098463762
2.868149757385254	-0.18090327921461083	-0.6392505750986747
2.8731963634490967	-0.183454178416241	-0.6564072050352775
2.878164052963257	-0.1872401955359623	-0.6382242579849381
2.8831911087036133	-0.1897871517468864	-0.655545097498191
2.8881349563598633	-0.19356854349416333	-0.6373408415157668
2.8931493759155273	-0.19611141303663818	-0.6543405449069094
2.898165702819824	-0.19988525126121842	-0.6360147274085169
2.903163433074951	-0.20242438789482625	-0.6540378453423196
2.90809965133667	-0.20619865053775738	-0.6360368611469197
2.9131858348846436	-0.20873604963660694	-0.6529293529378984
2.918074131011963	-0.21250338920360476	-0.6357245837276116
2.923168659210205	-0.21504037407553045	-0.6525860004046761
2.9283015727996826	-0.218969233475354	-0.6563692074065853
2.9332149028778076	-0.22152444685440176	-0.6530854159697855
2.9381370544433594	-0.22412682023493097	-0.6684063772056258
2.9432201385498047	-0.22797328334626937	-0.6461368097850305
2.948162078857422	-0.23054902894997692	-0.6631017407694132
2.9533681869506836	-0.23453168525862356	-0.6634612585040335
2.958618640899658	-0.2371133882060065	-0.6598873697901914
2.9631521701812744	-0.23964599559940128	-0.6107278677853459
2.96821665763855	-0.24347164802998073	-0.6546291048322329
2.9731943607330322	-0.24608036759093	-0.6709657120522324
2.9783480167388916	-0.24994604724865618	-0.6498640191906845
2.9832026958465576	-0.25253811273047544	-0.6676815473903922
2.9881510734558105	-0.25520224584834084	-0.6834325407316423
2.993149757385254	-0.25912956642593804	-0.6587478198308184
2.9981677532196045	-0.2617504896108787	-0.6731522605247676
3.0031490325927734	-0.2656259831653504	-0.6516268786331919
3.008124351501465	-0.26822186451378205	-0.6672056938330116
3.013105869293213	-0.27206464143133313	-0.6461974881972393
3.0181400775909424	-0.27463973933731156	-0.6622003040165344
3.0231401920318604	-0.27845681592327276	-0.6428599066081208
3.0281543731689453	-0.2810211914860402	-0.6599247393227275
3.0331084728240967	-0.28482667697018366	-0.6409397100670643
3.038151979446411	-0.287382736190106	-0.6575322638145221
3.0431270599365234	-0.29117442289943174	-0.6390438406572355
3.048151969909668	-0.29372446170812144	-0.6563312357738932
3.0533246994018555	-0.29751022697731694	-0.6379983356674631
3.0581419467926025	-0.3000599494388798	-0.6578839563485207
3.0631895065307617	-0.30268788940785707	-0.6745863824149431
3.0681676864624023	-0.3065689259715356	-0.6526277469990532
3.073169469833374	-0.3091689196036685	-0.6682014683695557
3.078126907348633	-0.31301753501048657	-0.6473547888717969
3.0832231044769287	-0.3155969382156537	-0.6630683488819319
3.088204860687256	-0.3194191709084686	-0.6442333132151586
3.0931687355041504	-0.3219894409388843	-0.6612820173898176
3.098175287246704	-0.32462912347528966	-0.6782622127579289
3.1031970977783203	-0.3285329514491599	-0.655903939806343
3.108144760131836	-0.3311451433815725	-0.6713952186406728
3.113147735595703	-0.33501099723417554	-0.6495078000808344
3.1181280612945557	-0.337598159804479	-0.6651926113725651
3.123101234436035	-0.3414307065067747	-0.6447085613016527
3.128174304962158	-0.3440002884527046	-0.6608333381959558
3.133094310760498	-0.3465407816434729	-0.6130131362838244
3.138117551803589	-0.35037176695884614	-0.6585645209793326
3.143099308013916	-0.3543297678858126	-0.6602054519920361
3.1481521129608154	-0.35689559694990486	-0.6542840455351663
3.1530909538269043	-0.3595020108183161	-0.6702446362193929
3.158123254776001	-0.3633624983043191	-0.6486502444168928
3.163116931915283	-0.36594694187449683	-0.664780782265903
3.1681294441223145	-0.3697785053891415	-0.6447431038257835
3.173126220703125	-0.3723492810226195	-0.6614747607106418
3.1781187057495117	-0.37632412902316104	-0.6626734252157006
3.1831562519073486	-0.3788991166813961	-0.6565346902078292
3.188161611557007	-0.3826713287597111	-0.6352701086487532
3.19313645362854	-0.38520751448213497	-0.6532459506901344
3.198154926300049	-0.38897674525104325	-0.6350200199023551
3.2031538486480713	-0.3915115513544671	-0.6529613810529925
3.2081339359283447	-0.3952799992823166	-0.6351565543040031
3.2131736278533936	-0.39781504459397155	-0.652741738098462
3.2181527614593506	-0.4017445616133018	-0.656102858441553
3.2231478691101074	-0.40429546128135685	-0.6507402677526616
3.228145122528076	-0.4068877131815429	-0.666400686006772
3.2331926822662354	-0.4107269368917095	-0.6458922770563239
3.2381997108459473	-0.41330265251127624	-0.6629435264734641
3.2431623935699463	-0.4158524227760687	-0.6153564972155515
3.2481541633605957	-0.4196913325087705	-0.6599164079771948
3.2531561851501465	-0.4223259201085495	-0.6772296457984991
3.2581233978271484	-0.42622494262013955	-0.6551670299190334
3.26318359375	-0.42883329821615507	-0.6700212752721225
3.2682292461395264	-0.43269218970059975	-0.6494794393008919
3.273139238357544	-0.43528226136563414	-0.6664460024927682
3.2782325744628906	-0.4379410152015092	-0.6824405143458686
3.2831993103027344	-0.4418672654380093	-0.6601146765958202
3.2881522178649902	-0.44449551502153223	-0.6748971151097342
3.293146848678589	-0.4470878370810648	-0.6253178825663509
3.298138380050659	-0.45097534485584595	-0.6673795588769976
3.303283929824829	-0.45498054073006094	-0.6672089285569575
3.308173179626465	-0.4575751021867214	-0.6624536595703326
3.313117504119873	-0.460211544058073	-0.6762939263083564
3.3181936740875244	-0.4640996589561362	-0.6526696530984316
3.3231704235076904	-0.46669966617038694	-0.6688338786100742
3.3282155990600586	-0.4705539353540444	-0.6481123494572251
3.333179235458374	-0.47313742961599037	-0.6647367994499332
3.338155746459961	-0.47696879634580586	-0.6444442384581116
3.3432135581970215	-0.4795371938741448	-0.6605542799508785
3.3481876850128174	-0.4833457598295649	-0.6417884108100825
3.3531699180603027	-0.4859061570849175	-0.6588070987573512
3.3581342697143555	-0.48970431148355015	-0.6394606688924652
3.3631486892700195	-0.4922544799772035	-0.6561596333854168
3.3681275844573975	-0.4960384702029673	-0.6375874524403439
3.3731470108032227	-0.49858266413098057	-0.6549237536250011
3.378122568130493	-0.5023608148164268	-0.6367814107098594
3.383169174194336	-0.5049021059717866	-0.6542190783331313
3.3881945610046387	-0.5086769548602702	-0.6365468408108953
3.3931095600128174	-0.5112188975920614	-0.6548427895127203
3.3982532024383545	-0.5149963002869966	-0.6357090702647722
3.4031543731689453	-0.5175349192029074	-0.6548067519597417
3.4082045555114746	-0.5213151907679623	-0.6361840269720623
3.413182020187378	-0.5238535630342634	-0.6539479790979966
3.418149709701538	-0.5276275774715637	-0.6358285054521106
3.4231579303741455	-0.5301644444458062	-0.6530314749811331
3.4281225204467773	-0.5339317644740942	-0.6349888634556878
3.4332094192504883	-0.5364660197364189	-0.6524364184809773
3.4382596015930176	-0.5402317382444147	-0.6355370198124789
3.4431447982788086	-0.542771246822802	-0.6545483199862004
3.448122978210449	-0.5465475275809181	-0.635292930814869
3.4531471729278564	-0.549080825461991	-0.652103115160107
3.458073616027832	-0.5528434175728877	-0.6344233475963715
3.4631640911102295	-0.5553751660187987	-0.6515514940017376
3.4681761264801025	-0.559135041819388	-0.6346184204739408
3.4731462001800537	-0.5616704633506042	-0.653262033275768
3.478093147277832	-0.5654402833482978	-0.6350935601965478
3.483109951019287	-0.5679738863321602	-0.6520684241346483
3.488147735595703	-0.57057972860589	-0.670585892676696
3.493199586868286	-0.5744448164653736	-0.6503912569222227
3.4981467723846436	-0.5770380324223328	-0.6672128499872957
3.5031657218933105	-0.5808827878817656	-0.6463483532086814
3.508152723312378	-0.5833968095652446	-0.6214046511415069
3.5130958557128906	-0.5867932032787644	-0.5225445919778763
3.518212080001831	-0.5887143696415261	-0.4556785857550213
3.5233278274536133	-0.591140903136571	-0.3700226085774211
3.5281827449798584	-0.5924992294408995	-0.3219832663479415
3.5332424640655518	-0.5936811887337906	-0.2801748014353439
3.5381529331207275	-0.5951726923119349	-0.22741559664410305
3.54315447807312	-0.5960075032363484	-0.19788557807462814
3.548085927963257	-0.5967339135604851	-0.1721900384226448
3.553163766860962	-0.5976505623782437	-0.13976513117690215
3.558147668838501	-0.5981636206546328	-0.1216165590856646
3.563143491744995	-0.5988110429793507	-0.0987150851551587
3.5682268142700195	-0.5991734122699821	-0.08589688203406265
3.5731265544891357	-0.5996306819006129	-0.06972173927742908
3.578125476837158	-0.599886620667862	-0.06066833660228066
3.5835087299346924	-0.6002095868479163	-0.049243952129733204
3.5881447792053223	-0.6003903545185622	-0.04284960034553231
3.593135356903076	-0.6006184631583485	-0.03478064154002669
3.598184585571289	-0.6007461380358279	-0.030264357861142455
3.603219985961914	-0.6009072494919452	-0.024565311548283342
3.608241081237793	-0.6009974253197418	-0.02137549357196733
3.6132750511169434	-0.6011112171573353	-0.017350299038324413
3.6181602478027344	-0.6011749076818874	-0.0150973540407362
3.6231467723846436	-0.6012552780206265	-0.012254388719137088
3.628119707107544	-0.6013002621701139	-0.010663150222191997
3.6331732273101807	-0.6013570271497966	-0.008655184705918417
3.6381266117095947	-0.6013887991240318	-0.007531304648095372
3.6431734561920166	-0.601428891812067	-0.006113093358670496
3.6481378078460693	-0.6014513321240058	-0.005319305132212904
3.653132677078247	-0.6014708585502291	-0.004628590703499302
3.6581571102142334	-0.601495498722389	-0.0037569861281260275
3.663118362426758	-0.6015092900937485	-0.0032691396025622543
3.668166160583496	-0.6015266932662869	-0.002653531695605671
3.6731481552124023	-0.6015364340105378	-0.002308969279342654
3.6781532764434814	-0.6015487257434213	-0.0018741699382103238
3.6832094192504883	-0.6015556055595099	-0.0016308080354804355
3.688251256942749	-0.6015642871201249	-0.0013237124557805569
3.6932404041290283	-0.6015691462836746	-0.0011518277321274084
3.6984026432037354	-0.601575278006144	-0.0009349283807553732
3.7031755447387695	-0.6015787099976536	-0.0008135274634671896
3.708153486251831	-0.6015816963433513	-0.0007078905159300097
3.7132318019866943	-0.601585464778562	-0.0005745884695682602
3.7181649208068848	-0.6015875740125843	-0.0004999778697536428
3.7231252193450928	-0.6015902356306829	-0.00040582761392282674
3.7281696796417236	-0.6015917253671741	-0.0003531306955167901
3.7330894470214844	-0.6015936052484792	-0.0002866330616494439
3.7381410598754883	-0.6015946574384161	-0.00024941361540553597
3.7431390285491943	-0.601595573000964	-0.0002170271328483242
3.748145818710327	-0.6015967283387891	-0.00017615900384881922
3.7531447410583496	-0.601597374993889	-0.00015328466919883876
3.758148670196533	-0.6015981910005055	-0.00012441980998767477
3.7631397247314453	-0.6015986477282509	-0.00010826383550410767
3.7681827545166016	-0.6015992240677278	-8.787679754773681e-05
3.7731404304504395	-0.6015995466511782	-7.646595149024549e-05
3.7781457901000977	-0.6015998273470066	-6.653680949375573e-05
3.783158302307129	-0.6016001815538367	-5.40073396625429e-05
3.788292407989502	-0.6016004690603871	-4.383727984080821e-05
3.7931418418884277	-0.601600629980919	-3.814498715470904e-05
3.7981269359588623	-0.6016007700058393	-3.3191841514734755e-05
3.803151845932007	-0.6016009467016722	-2.6941524132073624e-05
3.808159112930298	-0.6016010456002445	-2.344315376534567e-05
3.8130955696105957	-0.6016011703992129	-1.90286005249396e-05
3.8181638717651367	-0.6016012402505477	-1.6557727241961473e-05
3.8231332302093506	-0.601601328395142	-1.3439760730538097e-05
3.8281359672546387	-0.6016013777306266	-1.1694601085854295e-05
3.833146572113037	-0.6016014206598739	-1.0176051293941946e-05
3.838134288787842	-0.6016014748317962	-8.259810813981971e-06
3.843151807785034	-0.6016015051524081	-7.187270252395628e-06
3.8481390476226807	-0.6016015434136387	-5.833843683245021e-06
3.8531548976898193	-0.6016015648288641	-5.076316165419925e-06
3.8581736087799072	-0.6016015918524901	-4.1204009263440255e-06
3.8631744384765625	-0.6016016069779064	-3.585364808378344e-06
3.868147611618042	-0.60160162013928	-3.1198033955126547e-06
3.8731513023376465	-0.6016016367474654	-2.5323168165725107e-06
3.8781347274780273	-0.6016016460432466	-2.2034942139814717e-06
3.883096218109131	-0.601601657773486	-1.7885567645814504e-06
3.8881783485412598	-0.601601664339028	-1.5563117767847245e-06
3.8932065963745117	-0.6016016700520312	-1.354223915117636e-06
3.8981354236602783	-0.6016016772612042	-1.0992115679897552e-06
3.9031784534454346	-0.6016016812962562	-9.5647839726265e-07
3.908156394958496	-0.6016016863880421	-7.763650536896094e-07
3.9131557941436768	-0.6016016892379698	-6.755536614555524e-07
3.9181947708129883	-0.6016016928342606	-5.483409331041855e-07
3.923145055770874	-0.6016016948471435	-4.771385898605374e-07
3.9281399250030518	-0.6016016965986527	-4.1518190529998833e-07
3.9331536293029785	-0.6016016988088618	-3.369994803215093e-07
3.938220500946045	-0.6016017006028691	-2.7353949794139965e-07
3.9431910514831543	-0.6016017016069943	-2.3802025772567958e-07
3.948147773742676	-0.6016017024807334	-2.0711320891653173e-07
3.9531397819519043	-0.6016017035832948	-1.6811195935328982e-07
3.958217144012451	-0.6016017042004104	-1.4628253652837486e-07
3.963142156600952	-0.6016017049791412	-1.1873624150560147e-07
3.9681763648986816	-0.6016017054150054	-1.0331828304011026e-07
3.973337411880493	-0.6016017059650173	-8.386254102266122e-08
3.978133201599121	-0.601601706272865	-7.297294601915638e-08
3.983212471008301	-0.6016017065407384	-6.349737191602145e-08
3.9882164001464844	-0.6016017068787649	-5.154025395359696e-08
3.993150472640991	-0.6016017070679619	-4.484772919699509e-08
3.9981327056884766	-0.6016017073067076	-3.6402507119781546e-08
4.003218412399292	-0.6016017074403363	-3.167562012684755e-08
4.008126497268677	-0.6016017075571626	-2.74821665424696e-10
4.013144254684448	-0.6016017075581978	-2.428396095321972e-10
4.018127679824829	-0.6016017075595893	-2.101429585898984e-10
4.023201942443848	-0.6016017075603649	-1.7766996207591035e-10
4.028141736984253	-0.6016017075610754	-1.7766996207591035e-10
4.033130884170532	-0.6016017075618786	-1.1241639563674966e-10
4.038185358047485	-0.6016017075622634	-7.990613726249762e-11
4.043160676956177	-0.6016017075626771	-4.6970198563922594e-11
4.048157453536987	-0.6016017075628001	-1.4550041727012797e-11
4.0531439781188965	-0.6016017075628223	1.800993382206073e-11
4.058117628097534	-0.6016017075626853	5.0503108639521344e-11
4.063173294067383	-0.6016017075623173	8.291238529078981e-11
4.068182945251465	-0.6016017075619197	1.1585610248943112e-10
4.073150634765625	-0.6016017075611589	1.4849996232690899e-10
4.078208923339844	-0.6016017075605001	1.808704297445729e-10
4.083300828933716	-0.6016017075592831	2.1383120274443002e-10
4.088151931762695	-0.6016017075583614	2.470110505026213e-10
4.093230724334717	-0.601601707556816	2.786217923045342e-10
4.0981409549713135	-0.6015539393470587	0.031845472707103584
4.103193044662476	-0.6012923850315189	0.10782557165323314
4.108156442642212	-0.6004427265390769	0.18970739015117288
4.113162279129028	-0.5989960691682245	0.2760847293365406
4.118135690689087	-0.5978406953902489	0.3200663531098117
4.123139142990112	-0.5964623493445542	0.3785067726813155
4.128175258636475	-0.5941562340488591	0.41216175907342245
4.133168697357178	-0.5924386321594275	0.4594477063870951
4.138141632080078	-0.5896997314179031	0.47816063501381223
4.143209457397461	-0.5877412208118851	0.5160105111235002
4.148211240768433	-0.5847019076987238	0.5245993730871189
4.153152227401733	-0.5825709540776495	0.5572619104135051
4.158130884170532	-0.579313200981603	0.5567007373181708
4.1631457805633545	-0.5770673414957921	0.5840713165856816
4.16817831993103	-0.5736668183166475	0.579138520397592
4.173145532608032	-0.5713361145267593	0.6047698713134507
4.178108215332031	-0.567824172405607	0.595762333015294
4.183163166046143	-0.5654346872905441	0.6180341973341078
4.1883225440979	-0.5618529802397539	0.6071457943546986
4.193147420883179	-0.559416201887351	0.6310532243522088
4.198142766952515	-0.5557626718990355	0.6161559937580793
4.20316481590271	-0.5533003707049735	0.6353159544713266
4.208204984664917	-0.5496268801257135	0.6208323471858564
4.213160276412964	-0.5471428315765652	0.6411966721589965
4.218119144439697	-0.5434369137220263	0.6252342267077998
4.223196029663086	-0.540939543558288	0.6435540366044775
4.228128433227539	-0.5372217382415114	0.628107937836821
4.233144283294678	-0.5347120171956122	0.6464780694128808
4.238174915313721	-0.5309801497542762	0.6296220699403666
4.2431800365448	-0.5284641763608714	0.648669548710075
4.248121976852417	-0.5258692515081526	0.6680684003930891
4.2531492710113525	-0.5220193860587234	0.6471096423339652
4.258142709732056	-0.5194406035535061	0.6634055058970761
4.263134479522705	-0.5156165110217947	0.6435938881976525
4.268165588378906	-0.5130503691212746	0.6602012549173916
4.273210287094116	-0.5092435511390361	0.6412881038160406
4.278190851211548	-0.5066841206537557	0.6591225810713089
4.283173561096191	-0.5040509712321938	0.676954388658355
4.2883219718933105	-0.5001537456676028	0.6547013562227703
4.293133735656738	-0.4975439403957977	0.6718506026082994
4.298096418380737	-0.4948654340778274	0.6864705106503147
4.30318021774292	-0.49092312432089025	0.6610995399113474
4.308217287063599	-0.48829166882141045	0.6763859187333087
4.313145399093628	-0.4843956731950389	0.655099108722469
4.318164348602295	-0.481787607011599	0.6696925548444991
4.32313346862793	-0.4779324035929597	0.6484425264149408
4.328136682510376	-0.47534849399898993	0.664261542070289
4.333208084106445	-0.47279539364947315	0.616003707132233
4.338103771209717	-0.4689516216996765	0.661713037720819
4.3431103229522705	-0.4663101758394115	0.6782502363725785
4.348094940185547	-0.4624083229228773	0.6555015063582924
4.353166580200195	-0.4597983997611605	0.67053898206993
4.358094692230225	-0.4559359446278494	0.6501687815993867
4.363133192062378	-0.4533453926307802	0.6655960322692646
4.368123531341553	-0.44951146928252084	0.6454020924553029
4.373171091079712	-0.4469379116238024	0.662023069528361
4.378140926361084	-0.44312092101420153	0.6430126152026644
4.383173942565918	-0.4405562907824545	0.6597577654560532
4.388284921646118	-0.4367522708773927	0.6408554981541331
4.393149137496948	-0.43419311074362926	0.6596172285021716
4.398518800735474	-0.4315590966966419	0.6763069194998444
4.403142690658569	-0.42766132847753563	0.658484198678123
4.40814208984375	-0.42504030449463187	0.6708197692970675
4.41314172744751	-0.4224689709674844	0.6197751494938325
4.418142795562744	-0.4186083118872239	0.6634718241046161
4.423413515090942	-0.4146231111954936	0.6642651572175265
4.428133010864258	-0.41203682545215997	0.6615510861608765
4.4331488609313965	-0.4094045100283927	0.6741262409929175
4.438226938247681	-0.40553160941020544	0.6507999916515587
4.4431962966918945	-0.4029371746474546	0.6676471492494288
4.448243856430054	-0.39908899140489223	0.6471300386211246
4.453169345855713	-0.3965091909853436	0.6638685455578083
4.458153009414673	-0.3938598065297737	0.6803298536992776
4.463191747665405	-0.389946468717246	0.6570682456367779
4.468157052993774	-0.38733016308867924	0.6724662042761241
4.4731457233428955	-0.38345781720991273	0.6506986313410991
4.478138446807861	-0.3808661965081292	0.666163772646584
4.483151435852051	-0.377028626330862	0.645578523809189
4.48815393447876	-0.3744548387206795	0.6621866937237267
4.493227005004883	-0.37063731207863265	0.6426703314704708
4.4981396198272705	-0.36807279925807734	0.6605141011224648
4.503161430358887	-0.3654353857272813	0.6774401428355971
4.508147478103638	-0.36153696954686676	0.6551614743802044
4.513221502304077	-0.35761135631196733	0.6542683492117337
4.518172979354858	-0.3550662185876725	0.6500881824626726
4.523143291473389	-0.3524754538912592	0.665847567358283
4.528119802474976	-0.3486407275023373	0.644881365363298
4.5331196784973145	-0.3460706828478467	0.6609487242269513
4.538108825683594	-0.34226113906226485	0.6413557103433859
4.543193101882935	-0.339703190052878	0.658244180839105
4.548130750656128	-0.33590582063615493	0.6403781851411571
4.553120136260986	-0.3333507664725857	0.6572857335629912
4.558254241943359	-0.3295616592064998	0.6380954532778057
4.563132047653198	-0.32701307799638696	0.6572190383049982
4.5681397914886475	-0.32438727398150674	0.6745058208162363
4.573136806488037	-0.32050563124513903	0.6524160529333206
4.578121900558472	-0.31790677836899894	0.66802026260737
4.583133697509766	-0.3140590039871332	0.6470826386023482
4.588132381439209	-0.3114798543789681	0.6634348743566322
4.593106985092163	-0.3076558315377485	0.6436185733219401
4.598202466964722	-0.3050898412057476	0.6600299591165012
4.603150129318237	-0.30245260275669544	0.6787485141413369
4.6081249713897705	-0.2985430254774414	0.6564171150619841
4.613208770751953	-0.29593089543878665	0.6708892250976798
4.618152856826782	-0.2920669058873759	0.6504948734006167
4.623166084289551	-0.28947462155386294	0.6661618511623334
4.628097295761108	-0.2856375885508876	0.6456535528422679
4.63310694694519	-0.2830647470674397	0.6613111534177546
4.63814640045166	-0.27909275327602723	0.6622170736296201
4.6431286334991455	-0.2765185134212171	0.656752766235628
4.648104429244995	-0.2739032827015178	0.6718488039507317
4.653161287307739	-0.2700356189598637	0.6500053564546538
4.658083915710449	-0.2674450552149127	0.6665005159169121
4.663155794143677	-0.263604735851267	0.6454164337366165
4.668150186538696	-0.2610317096375544	0.6623765983943163
4.673144102096558	-0.25721168232246333	0.6430574822600518
4.678201913833618	-0.25464740158753685	0.6597843184698459
4.683150053024292	-0.25084219272418523	0.6413158515615173
4.688146352767944	-0.24828401318890259	0.6580655033268749
4.69315505027771	-0.2444903975289205	0.638864138080779
4.698124408721924	-0.24194130094799782	0.6563016421029987
4.703169822692871	-0.23815588500372195	0.6374340692607828
4.708149194717407	-0.23561179895074866	0.6553771768081923
4.713119029998779	-0.23166933400851944	0.6576264664196253
4.718173265457153	-0.2291134160397534	0.6518146918237323
4.723126411437988	-0.22651630744474247	0.6680255890851611
4.7285072803497314	-0.2225075567398731	0.667506806501773
4.7333550453186035	-0.21990752457296842	0.6657057767311952
4.738348007202148	-0.21592082419388828	0.6629435261496192
4.743195533752441	-0.21334607586262713	0.6563650663774038
4.748190641403198	-0.2094223665031752	0.652634451602052
4.753141403198242	-0.20688586791559177	0.6472739993960822
4.758173942565918	-0.20430718168885117	0.6628150009702979
4.763159275054932	-0.20048783829845532	0.6431372017781142
4.768203258514404	-0.19792279981823216	0.6599515080468709
4.773210525512695	-0.1941171017231401	0.6412445340282776
4.778146743774414	-0.19155830792048203	0.6586813241417045
4.783202648162842	-0.18776067392718443	0.6389743660213699
4.788156509399414	-0.18521138194239098	0.6566377216537475
4.793123245239258	-0.18142317750048398	0.6377724854860815
4.7981743812561035	-0.17887965196425873	0.6545585729788493
4.803219795227051	-0.17494053261585993	0.6576378945334075
4.808138132095337	-0.17238263707902735	0.6529613972217846
4.813198089599609	-0.16978240280035162	0.6677734222139259
4.818174123764038	-0.16711839945105383	0.6847035377011276
4.823188066482544	-0.1631779986910295	0.6613261639852884
4.828208923339844	-0.15921941945221235	0.6594845511285065
4.833148956298828	-0.15665600329420226	0.653990426034608
4.838517427444458	-0.15405217151074116	0.6687514611768665
4.843158006668091	-0.15019484426838345	0.6522956094158395
4.848175525665283	-0.14759624184121753	0.6656422142030741
4.853132486343384	-0.14377067192161366	0.6434835385508789
4.85812783241272	-0.14120550336575904	0.6596887612824877
4.86312198638916	-0.13740325292149017	0.6401717713516238
4.868218183517456	-0.13484965909393204	0.6572437835957622
4.8731489181518555	-0.13105724084276676	0.6397505796637334
4.8782172203063965	-0.12850438351081864	0.6567297509528435
4.883169174194336	-0.12471686502830814	0.6386373528313426
4.888136386871338	-0.12216828947864002	0.6558354904117439
4.8931496143341064	-0.11838694753176705	0.6367091535041759
4.8981099128723145	-0.11584624673635147	0.6542954532609432
4.903132200241089	-0.11207167859181053	0.6356894812561661
4.9081666469573975	-0.10953462889707459	0.6534980528158415
4.913181781768799	-0.10576257336342522	0.6360666803614562
4.918153285980225	-0.10322279257968342	0.6542254625535647
4.923130512237549	-0.09944796516663557	0.6358635259981359
4.928148984909058	-0.09691092037415573	0.6531407907211463
4.933114767074585	-0.09314253211038101	0.6352699423425389
4.938106298446655	-0.09060700792912849	0.6527673722175306
4.943128347396851	-0.08668024467746788	0.6552158066351955
4.948147773742676	-0.08413214430381148	0.6504011365681598
4.953152894973755	-0.08153986364541163	0.6666869899615736
4.958161354064941	-0.07769794719905583	0.6464357134605928
4.96316933631897	-0.07512081016544489	0.6629700673619828
4.968169927597046	-0.07129908554303019	0.6433613221839481
4.97321343421936	-0.06873334652615362	0.6602060830628657
4.978150844573975	-0.06492589515203208	0.6415286592719988
4.983159780502319	-0.06236741973078087	0.6580195588903685
4.988173723220825	-0.059837780802961045	0.6103907031852355
4.993160963058472	-0.056024649613841314	0.6564828008392175
