Czas:	Pozycja:	Prędkość:
0.0	6.47575600335877e-310	6.475756003358e-310
0.004630565643310547	-4.161465577857487e-189	1.5269236290362356e-187
0.009650230407714844	0.00032973722183140885	0.09440377240700827
0.01463627815246582	0.0008299250970061115	0.18420296326999497
0.019692182540893555	0.0016820985745254111	0.2682449668468689
0.024732351303100586	0.003298361749550447	0.32577584198724124
0.02967381477355957	0.004670456786505333	0.39196205176289267
0.03463482856750488	0.006939445587879928	0.4231822614651545
0.03976869583129883	0.008664989369815792	0.4745107786816186
0.04470324516296387	0.01158589924783111	0.49384803204427774
0.04964470863342285	0.013545453111513396	0.5283412297556952
0.054639339447021484	0.01565519231508726	0.5651422843209751
0.05962681770324707	0.01904643169192764	0.5639866822247258
0.06465411186218262	0.021264216140270523	0.5901221238006481
0.06974315643310547	0.02479036330530055	0.58480420603326
0.07463502883911133	0.02708743636322879	0.6102112107563803
0.07965445518493652	0.02949607041690926	0.6352422369334755
0.08463120460510254	0.03305577547551252	0.6205239984818433
0.08992505073547363	0.036739728588647894	0.6083072970578913
0.09462761878967285	0.03912903204516822	0.6347133249522359
0.0996391773223877	0.04162262941036733	0.6529142092028064
0.10462784767150879	0.045274252249611985	0.6343364784313961
0.10965323448181152	0.047773717471217336	0.6579787416862428
0.11466598510742188	0.05145489709453678	0.6390940721107135
0.12002205848693848	0.05397257899053138	0.6626074740960628
0.12466549873352051	0.05642362745581808	0.5811524681302478
0.1297140121459961	0.06023506623056268	0.6646710716188124
0.1347513198852539	0.06394966046888362	0.6444754082991091
0.13965606689453125	0.06648790329449919	0.6677993834432063
0.14527583122253418	0.069107533289303	0.6853195769150984
0.14966773986816406	0.07295107410203731	0.6730749055994534
0.15470147132873535	0.0755772862018984	0.6803000782617377
0.15964889526367188	0.07937226032564978	0.6564154043460786
0.16463518142700195	0.08195138093824193	0.6762880559133984
0.1697540283203125	0.08593121838982168	0.6533546786095688
0.17466473579406738	0.0884800428729571	0.6701580991729039
0.17981266975402832	0.09242318448836317	0.6470804669729187
0.18464255332946777	0.09494990644782422	0.6653090661653736
0.18964767456054688	0.09755858754845928	0.6817704187459681
0.19466853141784668	0.10136398798468911	0.6576262653548024
0.19974327087402344	0.10394962916419927	0.6787856422212004
0.20466351509094238	0.10774286057764426	0.656901668433145
0.20971059799194336	0.11032314734569156	0.6762184161981981
0.21474075317382812	0.11410112146976889	0.654132037247614
0.21971654891967773	0.11667447768316491	0.6760121129808911
0.22464323043823242	0.12045006941825544	0.6526708990315451
0.22966575622558594	0.12301455456617694	0.6725389463832572
0.23467636108398438	0.1267723245284266	0.6506775752933478
0.2396998405456543	0.12933231559004887	0.6725877279406203
0.24466300010681152	0.1330910505896321	0.6508537073489074
0.24970078468322754	0.13565024562895467	0.6717778728786221
0.25481104850769043	0.13940474201226177	0.6504257530255209
0.25966572761535645	0.14196692781488476	0.6744169778586362
0.2646780014038086	0.14573101809784753	0.6490373491214609
0.26970672607421875	0.14828418372899588	0.6709514422554863
0.2747378349304199	0.1520344114551992	0.6496432903228135
0.27965283393859863	0.15459127481602575	0.6721181342230713
0.28488731384277344	0.15834438043912327	0.6483004219925939
0.28965139389038086	0.16090193421346197	0.6749172909232934
0.2946288585662842	0.16466691017732202	0.6477723467629828
0.2996985912322998	0.16721391422131476	0.6690141426956964
0.3046703338623047	0.17095483860985336	0.648866563368053
0.3096804618835449	0.17350726413024956	0.6703008638506818
0.31488776206970215	0.1772531598076587	0.6486865120552157
0.3197457790374756	0.17981179366467304	0.6748412384568441
0.32474184036254883	0.1835790142299308	0.6495821103102557
0.32969164848327637	0.18613369697433585	0.6710987491218554
0.3346703052520752	0.18988217050938191	0.6481362291604054
0.3396785259246826	0.192431509439797	0.6696302172158815
0.3447554111480713	0.19490807778538372	0.5871807962279783
0.3496377468109131	0.1987264060292312	0.6716954928635799
0.3547067642211914	0.2013598158861619	0.6882959769941226
0.3596763610839844	0.20520217286651057	0.6642535161180916
0.3646965026855469	0.20781083730732955	0.6835770467059277
0.3697328567504883	0.211627392637535	0.6595810308378758
0.37466955184936523	0.21422073797954946	0.6808152274979788
0.37970566749572754	0.21802064642339428	0.6557540123092198
0.38469552993774414	0.22059954508468946	0.6773728283955194
0.3896749019622803	0.22310474627761498	0.5939693636870256
0.39469146728515625	0.22695406942727317	0.6748330555912003
0.3997352123260498	0.22960254281723713	0.6935934362477987
0.40467166900634766	0.23347328551481275	0.6681938793267643
0.4097118377685547	0.23609522844261296	0.6862775002059183
0.41477537155151367	0.23992644027590743	0.6621166717453992
0.4196655750274658	0.24252999718879747	0.6835923776123594
0.42504000663757324	0.24654264475368423	0.6574416210148393
0.42966294288635254	0.24911417690220394	0.6788778340910744
0.43466639518737793	0.2517673864408556	0.6896510743885846
0.439652681350708	0.25561285257111693	0.6636532047524657
0.44469332695007324	0.2582194866832879	0.6832984420490198
0.4497411251068115	0.26203532150402553	0.659795932064545
0.45467162132263184	0.26462990882256743	0.6812643366361997
0.45966434478759766	0.26729965255736493	0.6975151987789685
0.4646453857421875	0.2711889385850591	0.6701968441123956
0.46966981887817383	0.2738193039150854	0.688841071330647
0.474668025970459	0.27766398135417786	0.6639238363877287
0.4796764850616455	0.2802720790932623	0.6838063943984787
0.4846689701080322	0.2829532422879241	0.7012255872478812
0.4896552562713623	0.28686281364977234	0.6732891844304094
0.4946467876434326	0.28950465407629467	0.691624433908292
0.499645471572876	0.29336312467527964	0.6655048120349754
0.5046544075012207	0.29597685112075417	0.6851357103898925
0.5096476078033447	0.2998015576158647	0.6606489304620811
0.5147325992584229	0.3023974376583637	0.6808464124103446
0.5196635723114014	0.30620168238864653	0.6587313340016752
0.5246677398681641	0.3087890450429569	0.6780356255018172
0.5296351909637451	0.3125754305836429	0.654739080110136
0.5346739292144775	0.31514887407403164	0.6751998758622861
0.5396711826324463	0.3189215719143673	0.6532074291617229
0.5447578430175781	0.3214904986193034	0.674530868462982
0.5496468544006348	0.32414009654226533	0.6947827992428435
0.5546433925628662	0.32801299356272384	0.6661066024281708
0.559725284576416	0.33062832305724144	0.6854602783402506
0.5647222995758057	0.3344569513339092	0.6623886509435921
0.5697176456451416	0.3370596940955711	0.682538824050098
0.5748448371887207	0.34087021187804956	0.658279391742685
0.5796704292297363	0.34346143272259255	0.681496684423385
0.5846552848815918	0.3474588813094959	0.6545247801332537
0.589667797088623	0.3500078440244718	0.6684317506734327
0.5946669578552246	0.35263266780338576	0.6879404991277343
0.6000003814697266	0.3564720545175931	0.6627288902969006
0.6047146320343018	0.3589233466704194	0.5812001402925782
0.6096961498260498	0.36273470224512494	0.6657155258805654
0.6146185398101807	0.36534737089187863	0.6845955572887445
0.619734525680542	0.3680287045500219	0.7001332183211646
0.62459397315979	0.3719355554578554	0.6747978315765533
0.6297099590301514	0.3745796949461301	0.6905380214247496
0.6347041130065918	0.37713215863636657	0.6051047870111681
0.6396801471710205	0.3810548251214394	0.6865078749436633
0.6448705196380615	0.3848857712680768	0.6610804606762526
0.6496481895446777	0.3874890671610793	0.6851763065718661
0.6546342372894287	0.39130848389563305	0.6562510582810532
0.6596400737762451	0.39388684783502087	0.676548986491402
0.6646370887756348	0.39786976035532673	0.6540154255680883
0.6696469783782959	0.4004172979944548	0.668257374279724
0.6746549606323242	0.4041523555149633	0.6470357631279271
0.6801266670227051	0.40669887380322867	0.6693628210614806
0.6846396923065186	0.4091746180446098	0.5869935165136988
0.689643144607544	0.41302576564830196	0.6689328148046159
0.6948988437652588	0.41564983196696725	0.6875274472887387
0.6996333599090576	0.41949475422576804	0.667591557851646
0.7049338817596436	0.42341284663516837	0.6416120500869449
0.709644079208374	0.4259241397167655	0.6636554582993508
0.7146286964416504	0.4298199965904524	0.6380080998481539
0.7196416854858398	0.4323084659416313	0.6541154776669831
0.7245757579803467	0.43617277416363703	0.6360557246489498
0.7296402454376221	0.4386526734095452	0.6514313297186363
0.7346680164337158	0.4412166041205338	0.6742029904001592
0.7396378517150879	0.4449844615867535	0.6523165303340881
0.7446494102478027	0.44754923567482874	0.6731863199239456
0.7496378421783447	0.45131045245503054	0.6510368613730795
0.7546653747558594	0.4538710256434186	0.6724320182860479
0.7598092555999756	0.4576288798763525	0.6507795925914694
0.7646491527557373	0.4601933315468509	0.675390931701279
0.7696342468261719	0.46396240405416816	0.6495684334932723
0.7746570110321045	0.46651660805125195	0.6708370599055542
0.7796332836151123	0.4702658284873657	0.6493920326774509
0.7846660614013672	0.47282007034911633	0.6707777594711186
0.7896499633789062	0.4765692184608587	0.6495367369453029
0.7946913242340088	0.4791242744843954	0.6710729466935408
0.7996501922607422	0.48287531063426115	0.6499595923145989
0.8046410083770752	0.48543119599807516	0.6709432859365723
0.8096179962158203	0.4880645448848252	0.6896727207445212
0.8146424293518066	0.4919122631466003	0.6636435055612251
0.8195815086364746	0.4958278300999981	0.6439534663766251
0.8246474266052246	0.49833678786848784	0.6583715667627932
0.8296022415161133	0.502227059459462	0.6404997369062218
0.8346621990203857	0.5047238735917627	0.6557057399316373
0.8396461009979248	0.5073034165329275	0.6778424025909524
0.8447327613830566	0.5110891927916007	0.6543507880309314
0.8496537208557129	0.5136647424812575	0.6772552037129729
0.8546323776245117	0.5174457044497155	0.6526366543092683
0.8597214221954346	0.5200113625064116	0.6734833861914149
0.8648128509521484	0.5237765814012264	0.6528617235948442
0.869671106338501	0.5263473746950581	0.6762196971213363
0.8746275901794434	0.5301209800851672	0.6505362051068055
0.8796665668487549	0.532677949353771	0.6711210414312978
0.8847434520721436	0.5366342158893742	0.6502781364852779
0.8896543979644775	0.539170523305546	0.6666479939389649
0.8946549892425537	0.541786204423676	0.6844703921801016
0.8996503353118896	0.5456064276384632	0.6598216934079728
0.9046711921691895	0.5481993021649366	0.6801613454123263
0.909642219543457	0.5508674885881102	0.6983173640075406
0.9146263599395752	0.5549635985809529	0.6708908078233851
0.9196670055389404	0.5575724858225631	0.6826015283916065
0.924701452255249	0.5602500174227336	0.7007781742158448
0.9297013282775879	0.5641587531942001	0.6738258277809568
0.9346635341644287	0.5668031901911784	0.692427681873073
0.9396724700927734	0.5708672848931056	0.6659375915685735
0.9446794986724854	0.5734587980917616	0.6788161220959998
0.9497432708740234	0.5761215818681353	0.6968551201571171
0.9546651840209961	0.5800101471786107	0.6712147602869818
0.9596748352050781	0.5826428060956399	0.6886271790087508
0.9646525382995605	0.5864854265664771	0.6633692788093988
0.9696817398071289	0.5890907930169859	0.6828877003818259
0.9746599197387695	0.5929040331402947	0.6592206683271875
0.9796962738037109	0.5954943343181458	0.6793350123646449
0.9847650527954102	0.5980064168802268	0.5955824172870239
0.9896612167358398	0.6018721270155275	0.6788351357267084
0.9946563243865967	0.6045320441644445	0.6947460000493815
0.9997222423553467	0.6084064490110787	0.6679669038855574
1.0047526359558105	0.6123480322147767	0.6483069984804892
1.0097002983093262	0.6145860833445559	0.47090897860333336
1.0146899223327637	0.6161353050091302	0.30050070200486556
1.0196950435638428	0.6175360913162897	0.13375873896688628
1.02467942237854	0.617847066392975	0.006680056207907972
1.029672384262085	0.6176900999895225	-0.1028943220099835
1.0347025394439697	0.617135446022952	-0.19794198549177552
1.0396676063537598	0.6163849350688793	-0.17884938592394797
1.0446524620056152	0.614732004573922	-0.3409274190619576
1.049649953842163	0.6125297421014888	-0.38321366545023
1.0546653270721436	0.6109731911429408	-0.4338244906674837
1.0596463680267334	0.6082762846333117	-0.4586757893256503
1.0648601055145264	0.6064440713010623	-0.49882320234734995
1.0697014331817627	0.6044338142501067	-0.5451880102600242
1.074751615524292	0.6013542924886884	-0.5448148384489934
1.0797126293182373	0.5991814410960423	-0.5814734765719142
1.0846812725067139	0.5959072596282258	-0.5762451848080551
1.0897216796875	0.5936212510641712	-0.6072055579479329
1.0948224067687988	0.5902089057932508	-0.5984725506411669
1.0996932983398438	0.5878371185338797	-0.6292498955875879
1.104745864868164	0.5853592610500368	-0.6513530326072344
1.109645128250122	0.5817133164438512	-0.634145618128244
1.1146676540374756	0.5792170600590649	-0.6560585392779376
1.1196608543395996	0.5755468636104846	-0.6373647480639043
1.124680995941162	0.5730361209437349	-0.6607088864368814
1.129755973815918	0.5693405927918906	-0.6411930841930765
1.1347103118896484	0.5668133607827635	-0.6656809157644031
1.1398353576660156	0.5630928249408708	-0.6439754697988475
1.1446537971496582	0.5618610149539612	-0.6065481680067627
1.1496686935424805	0.5579323478499005	-0.6847433480338777
1.1546556949615479	0.5541109832494787	-0.6602036064085394
1.1596693992614746	0.5515168910664284	-0.6803437429016815
1.1646430492401123	0.547717532624988	-0.6568696873592131
1.169710636138916	0.5451360535475152	-0.6771845783981213
1.174694299697876	0.5413519062285985	-0.6554008838703317
1.1796901226043701	0.5387752164414235	-0.676196760058975
1.184725284576416	0.5349984089839258	-0.6531617414023848
1.1896777153015137	0.5324287178606908	-0.6751974039039766
1.1946766376495361	0.5286581184501878	-0.6515466075523172
1.199753999710083	0.5260956680563902	-0.6729982836522653
1.2046935558319092	0.5223332120320987	-0.6522621645830865
1.2097604274749756	0.5197693013564586	-0.6725980767020673
1.2146451473236084	0.5172820723074798	-0.5896928582665136
1.2196359634399414	0.5134498330427479	-0.6709339593809102
1.224658727645874	0.510816903802227	-0.6895542732886243
1.2296347618103027	0.5069684217122689	-0.6644774480460384
1.234651803970337	0.5043589823521534	-0.6838327641735803
1.23970627784729	0.5018304517209882	-0.5994729890896194
1.24466872215271	0.49794667985730623	-0.6813099918414484
1.2496716976165771	0.49414321856344917	-0.6567008854393418
1.2546393871307373	0.49156173049944163	-0.6775577587224543
1.2596614360809326	0.4877784152882822	-0.6537127004384665
1.2647101879119873	0.4852072540155586	-0.6753660603238473
1.2696659564971924	0.4825556276671323	-0.694772179345302
1.2746596336364746	0.4786810567974813	-0.6674014409169061
1.27968168258667	0.4760607283972618	-0.686622667746252
1.284703016281128	0.47222778238903323	-0.6621058152658811
1.2896175384521484	0.4696256453581428	-0.6826987331599023
1.2947094440460205	0.465816549623468	-0.6567998255447275
1.299712896347046	0.4632322393732499	-0.6793784642495398
1.304818868637085	0.4594374699594964	-0.6560295318334294
1.3096613883972168	0.45685508658793267	-0.6791300145489579
1.3146984577178955	0.4530664208722949	-0.6525804975794341
1.3196613788604736	0.45049959696294606	-0.6745044031057789
1.3248262405395508	0.4467323424717822	-0.6512030090504352
1.329702615737915	0.4441660384613937	-0.6760873746830963
1.334719181060791	0.4403919967881144	-0.6508992409198936
1.339667797088623	0.4378317737141644	-0.6726828969171591
1.3447239398956299	0.43519304870410536	-0.6904062188523575
1.3497045040130615	0.4313393676838592	-0.6657838412706324
1.3546383380889893	0.42872483579375975	-0.685105518422186
1.3596928119659424	0.42604128340919867	-0.7008082753260398
1.364668369293213	0.42213263649983185	-0.6741080119366631
1.3699824810028076	0.41816445828956067	-0.651494400252119
1.3746564388275146	0.41561649543140544	-0.672513113699261
1.37965989112854	0.41298533678638166	-0.6850875196180206
1.3846774101257324	0.40916365225306073	-0.6600479656533345
1.3895940780639648	0.40526742420439177	-0.6409530222443733
1.3946819305419922	0.4027701319765089	-0.6553179974204713
1.3996992111206055	0.4001913567783405	-0.6780164685935903
1.4047012329101562	0.3964034179310021	-0.6552076991739717
1.4096705913543701	0.3938271375086936	-0.6763274908137622
1.414679765701294	0.3900502979231191	-0.6527546884826878
1.419633388519287	0.38748302608654694	-0.6742776364282135
1.424642562866211	0.3848383485077863	-0.6918782549589291
1.4296512603759766	0.3809782559890708	-0.6660223950091213
1.4346518516540527	0.37836223850118134	-0.6858135044981291
1.4397683143615723	0.3745341122108143	-0.661039492274156
1.4447317123413086	0.3719330904136463	-0.6836760587637378
1.4496207237243652	0.3681165603054776	-0.658712533381608
1.4546351432800293	0.36553117818254915	-0.6769856761347897
1.4596691131591797	0.3628753641197067	-0.6952784625563331
1.4647610187530518	0.3589960087860418	-0.6693489414975098
1.469670057296753	0.356365153148348	-0.6904206940627748
1.4745960235595703	0.35251472496589714	-0.6630071228493004
1.4797027111053467	0.34991278402767195	-0.6813732413299869
1.4847018718719482	0.3458975964073307	-0.6598746084201537
1.489668607711792	0.3433285135261228	-0.6733843805086948
1.494739055633545	0.33936524377303684	-0.6506545671405963
1.4996790885925293	0.33682778245623607	-0.6668352423600357
1.5046651363372803	0.33290055532993323	-0.6449341808730242
1.5096750259399414	0.3303866094425995	-0.6601655670423312
1.5146636962890625	0.3266945318807457	-0.6405023883580137
1.5196771621704102	0.32417251081436615	-0.6633143947305791
1.5246491432189941	0.3202591752821162	-0.6435157600556973
1.5297036170959473	0.3177508208400273	-0.6586598275129769
1.5348279476165771	0.31385957146086146	-0.640544531188983
1.5397534370422363	0.312644484274116	-0.5965432807673279
1.5446670055389404	0.3087683648222445	-0.6783772825300634
1.5496602058410645	0.3047828039535749	-0.6535251388072614
1.5546741485595703	0.3022372120221913	-0.667745328427104
1.5597035884857178	0.2996148129581208	-0.6873877997687781
1.5646588802337646	0.2957774213719212	-0.6629008380666084
1.5698444843292236	0.29187029229019873	-0.6420188585295004
1.5747096538543701	0.2893609285194699	-0.661697143738601
1.5797173976898193	0.28546534065907414	-0.6394298378395571
1.5846779346466064	0.2829709049807558	-0.6558329484379657
1.5896642208099365	0.2803936506894653	-0.6760117073658212
1.5946500301361084	0.2766183034153668	-0.6527862284791155
1.5997424125671387	0.2740515400287749	-0.673855521970506
1.6046538352966309	0.2702841865069229	-0.6532397573621462
1.609720230102539	0.2677174773961407	-0.6728952923391436
1.6146759986877441	0.2639565996239463	-0.6518353518853566
1.6196818351745605	0.26139381415128715	-0.6725415092313258
1.624695062637329	0.2576363011613622	-0.6503818791658713
1.629640817642212	0.25507739915124283	-0.6723601404371529
1.6346001625061035	0.25132221846943437	-0.6490950161007865
1.639641284942627	0.248769980410425	-0.6700619266112853
1.6446316242218018	0.24502451192224864	-0.6491054424364986
1.6496472358703613	0.24247079462897905	-0.6708427657873086
1.654716968536377	0.2385173865863562	-0.6496262486260878
1.6596629619598389	0.23598369151790421	-0.6659358110690405
1.6647675037384033	0.23226230143630794	-0.6439692105796462
1.6697852611541748	0.22972439552776316	-0.668574299691971
1.674661636352539	0.22598635580286539	-0.6476351306784023
1.6796705722808838	0.22344161310930072	-0.6672200406150113
1.6847059726715088	0.21950880123951433	-0.6464127949687726
1.6896476745605469	0.21698791465531755	-0.6624556148046294
1.6946418285369873	0.21438685443737635	-0.6814038349474896
1.6996283531188965	0.21037938596098718	-0.6576279221715322
1.7046465873718262	0.2078189526627725	-0.6711704055631271
1.7096889019012451	0.20386385322573447	-0.6499033950546043
1.7146387100219727	0.20132997846767162	-0.6656190385305645
1.7197060585021973	0.19740872813095908	-0.6441145708007658
1.7246692180633545	0.194895300594588	-0.6611086101925245
1.7296128273010254	0.1922983495771807	-0.680721200524588
1.7346644401550293	0.18849931587135524	-0.6557169354918275
1.739804983139038	0.1846240978237689	-0.6380760528018086
1.7446987628936768	0.1821304992038601	-0.6573788333969162
1.7496707439422607	0.17954892984115814	-0.6761920588704908
1.7546961307525635	0.17577359401260054	-0.6525487393529126
1.7597355842590332	0.17320656838855433	-0.6744325307072965
1.7646658420562744	0.16943745128225013	-0.6526844642713989
1.7696993350982666	0.16687247594636553	-0.6727182683955875
1.7746217250823975	0.1631133897615293	-0.6510502770214301
1.7796814441680908	0.1605546656801763	-0.6711347374586505
1.7848725318908691	0.156597116339921	-0.650665775874375
1.7896411418914795	0.1540559026483104	-0.669305748198368
1.7946505546569824	0.15012681599897823	-0.6435977883375166
1.799708366394043	0.14761711372181827	-0.6594646264999999
1.8048710823059082	0.14372106026089704	-0.6413129576482366
1.809645652770996	0.14121493812723018	-0.6606322455105345
1.8146424293518066	0.1386249799090946	-0.6766200645844025
1.8196732997894287	0.13484757825552293	-0.6532310084754804
1.8246791362762451	0.13227775987664264	-0.6751714920386023
1.8296656608581543	0.12850570497935315	-0.6526046429631198
1.83467698097229	0.12593948232846172	-0.6737420446218045
1.8396821022033691	0.12217519376840996	-0.6515027863761296
1.8446600437164307	0.11961240820344017	-0.6731740641955217
1.8497393131256104	0.11585199747202314	-0.65039320873071
1.8546724319458008	0.11329118682798231	-0.6736699606253993
1.8596477508544922	0.10952891805341375	-0.649985351428082
1.8646748065948486	0.10697300076960027	-0.6711384061135341
1.869811773300171	0.10322212690268029	-0.6497090033278363
1.8746652603149414	0.1006618062235447	-0.6743229206441761
1.8797385692596436	0.09689803638863216	-0.6489745529815332
1.8846683502197266	0.09434324690214152	-0.6721351901381776
1.8899085521697998	0.09058926837669856	-0.648672025525449
1.894641399383545	0.08803010328891087	-0.6753773044870306
1.8996984958648682	0.08538692650094662	-0.6886896228768762
1.904733657836914	0.08154404223631881	-0.6641210418501682
1.909641981124878	0.0789339271350392	-0.6847763921759411
1.914670705795288	0.07491394088752637	-0.6587252997279014
1.919658899307251	0.07234823838710515	-0.6729683829876889
1.9247095584869385	0.06858861587980439	-0.650433990774276
1.9297261238098145	0.06602847438297395	-0.6731393635881382
1.9346976280212402	0.06353868827282837	-0.5903264403576403
1.9396710395812988	0.05970597610684128	-0.6722483573223581
1.944716453552246	0.05706831654692793	-0.6904676443492228
1.949652910232544	0.05321443921373695	-0.6656496451533354
1.9546613693237305	0.05060179825065651	-0.6840773528165578
1.9600138664245605	0.04791996455323637	-0.7013682425966083
1.964656114578247	0.043998669703426245	-0.6807169560292239
1.9696180820465088	0.041338255495643475	-0.6916029129110817
1.9746577739715576	0.037483553051880794	-0.6644094902854258
1.9797194004058838	0.03487274004303538	-0.6849762137576925
1.9846601486206055	0.031046944692538044	-0.6616478201290328
1.9896728992462158	0.028448732970486692	-0.6807242614719027
1.9947710037231445	0.024443548945271308	-0.657458515412225
1.9997012615203857	0.021880328535354515	-0.6732924191422542
2.0046446323394775	0.018120195127948678	-0.6496149706020493
2.009697675704956	0.01556662165439215	-0.6701644908303661
2.0146262645721436	0.011820375490842638	-0.6494078143608757
2.019672393798828	0.009267371218745614	-0.6698679012562838
2.024625539779663	0.005317453868295266	-0.6493770652115787
2.029733419418335	0.0027882117097496927	-0.6633550256353316
2.0346968173980713	-0.0011315765538578338	-0.6453890828741518
2.0396296977996826	-0.0036465606948167615	-0.6601175194792341
2.044642210006714	-0.006238421055483967	-0.6790931644316611
2.049639940261841	-0.010030676581400529	-0.6557622068022575
2.0546393394470215	-0.012608830291212533	-0.6767131627675369
2.059701919555664	-0.01638859480306183	-0.6536695769184953
2.0646488666534424	-0.01896099845795641	-0.676199366719914
2.0696511268615723	-0.022736962596158705	-0.6522805931366502
2.0746662616729736	-0.025302172195318263	-0.6736933584017637
2.079651117324829	-0.027946549323977228	-0.6926115012110121
2.0846376419067383	-0.03181028220550672	-0.6662048083978258
2.0897183418273926	-0.0344261650495673	-0.6854847710870644
2.0946483612060547	-0.03825481036727277	-0.6623709051646323
2.099661350250244	-0.04085544052605891	-0.6811607218974374
2.104581832885742	-0.044658651915764826	-0.6574342150880024
2.109633445739746	-0.047240572958897144	-0.6765921585056685
2.114673614501953	-0.05122645647542969	-0.6548937073689354
2.119710683822632	-0.05377854042333877	-0.6698993121121919
2.124691963195801	-0.05640977157112893	-0.6897924810337006
2.129755735397339	-0.060258630062583814	-0.6638921198632315
2.1346595287323	-0.06286838491362721	-0.6850465108226018
2.1396970748901367	-0.06555123731767146	-0.7002704307203909
2.1447086334228516	-0.06945627932200088	-0.6732895971661113
2.1496124267578125	-0.07209912584085836	-0.6922053151247947
2.154695510864258	-0.0759582073085555	-0.6642260025797992
2.1597378253936768	-0.07856936878729472	-0.6856122966905642
2.1646926403045654	-0.08239829401870905	-0.66182800863355
2.169863700866699	-0.08629980632622619	-0.6411629662691316
2.174663543701172	-0.08880559466415924	-0.6606606917945519
2.1797022819519043	-0.09139647031545271	-0.6771704610707321
2.1848185062408447	-0.09517827176868239	-0.6545621021413213
2.18967866897583	-0.0977557807097235	-0.6781203338768538
2.1947858333587646	-0.10153971612690774	-0.652140160048762
2.1996910572052	-0.10410715642876255	-0.6755734263800257
2.204645872116089	-0.10807871164792918	-0.6513480385341783
2.2096993923187256	-0.11061516406892019	-0.665079985134494
2.2146642208099365	-0.11322881537985968	-0.6858270742290329
2.219660758972168	-0.11725853789144175	-0.6607484677290067
2.2247118949890137	-0.11983068493733395	-0.6740722275563773
2.229672431945801	-0.12247738796670384	-0.6936257207309859
2.2347073554992676	-0.12634604423541682	-0.6665777745944526
2.2397475242614746	-0.12896464011437625	-0.6867545940804332
2.244601249694824	-0.1327991696906729	-0.6626377666218115
2.2497289180755615	-0.13539824063657832	-0.6797814923291048
2.2546632289886475	-0.13791130912440214	-0.5957834364486556
2.259676933288574	-0.14178402834024423	-0.6780066032850738
2.264705181121826	-0.14444379720304923	-0.6962166413455073
2.269655704498291	-0.14832794732877355	-0.6699877626106183
2.274667263031006	-0.15095680283316149	-0.6880931521849902
2.279859781265259	-0.15479687947556098	-0.6630175215603242
2.284658193588257	-0.1574075143359701	-0.6869498124059956
2.2896909713745117	-0.1612369825710166	-0.658104258629916
2.294673442840576	-0.16382366022398503	-0.6791335644063141
2.2997727394104004	-0.16761601136593127	-0.6553226753886094
2.3047614097595215	-0.1701954951870045	-0.6783511354665233
2.309643030166626	-0.17398443111847786	-0.6549125474829065
2.3146753311157227	-0.17655581366843692	-0.6735834648886265
2.3196651935577393	-0.18031905598757397	-0.6516547321798483
2.324681282043457	-0.1828820417139082	-0.6730268663967012
2.3296308517456055	-0.18664271269239804	-0.6510284233507706
2.334665298461914	-0.18920209446184022	-0.6716420291940921
2.3396265506744385	-0.19316075112760464	-0.6505969743811437
2.344738721847534	-0.19569470011464682	-0.6645745419196643
2.349605083465576	-0.19962132335067823	-0.6464702137599654
2.3546946048736572	-0.20213730870859523	-0.6590827495293381
2.359712839126587	-0.20472964994443332	-0.6812346508827953
2.3646953105926514	-0.20853468743754194	-0.6578213048274348
2.3696610927581787	-0.21111994154264055	-0.6781944343489799
2.374661922454834	-0.21490641079361442	-0.6541586061717306
2.379723072052002	-0.21747854729731955	-0.67531818646585
2.3846616744995117	-0.22125282212632297	-0.6538042898279601
2.389606475830078	-0.22382226267215188	-0.6738895860393967
2.394657850265503	-0.2275849231025227	-0.6502039000164164
2.399735450744629	-0.23014401822624395	-0.6728899493299298
2.4046454429626465	-0.23411317878585594	-0.6526235043222384
2.409719944000244	-0.2366529985134853	-0.6652924286108213
2.4147915840148926	-0.2405803321472165	-0.6462089840638674
2.4196581840515137	-0.24310160215247967	-0.6630225030753556
2.424675226211548	-0.2457026373461488	-0.6804230606793811
2.4296677112579346	-0.24950155141403754	-0.65683378670777
2.434659004211426	-0.2520834901816286	-0.6775410233603614
2.4396562576293945	-0.25586735383269943	-0.6541644701951765
2.4446661472320557	-0.2584395357245036	-0.675288664109899
2.44966983795166	-0.26108956616790757	-0.6938789350443624
2.454671859741211	-0.2649605487267751	-0.6676010014940168
2.459604263305664	-0.26889571188422856	-0.6467216427052531
2.4646706581115723	-0.27141458783240957	-0.6606300100278042
2.4696738719940186	-0.2740122303185284	-0.6822027829168733
2.474679708480835	-0.2778217585356647	-0.6582642390944455
2.4799227714538574	-0.28040926722300824	-0.6790301206453793
2.484786033630371	-0.2842088025734916	-0.6604969646502599
2.4896607398986816	-0.28680138668235705	-0.6784244314316594
2.4946563243865967	-0.2894580822839069	-0.6936497129126491
2.4996707439422607	-0.29353001775849713	-0.6674266829435569
2.504714012145996	-0.296127159808415	-0.680220230614544
2.509597063064575	-0.2987962147826635	-0.6988150663546455
2.5146594047546387	-0.30268995409667554	-0.6691729406027966
2.5197434425354004	-0.30531847876297974	-0.6894427140790005
2.5246620178222656	-0.3091688110645945	-0.6657319184836299
2.529970645904541	-0.3130887715957684	-0.6436269993185539
2.534712791442871	-0.3156077551271646	-0.6655845022938367
2.539710521697998	-0.31821560774781754	-0.680466198152367
2.5446789264678955	-0.3220131706363162	-0.6563043213298871
2.5496408939361572	-0.32459233723915903	-0.6765646103397529
2.5546634197235107	-0.3283699371010456	-0.6527484895975721
2.5601093769073486	-0.3309375545195043	-0.6745324506162371
2.5646750926971436	-0.3347195644427755	-0.6610186406893628
2.5697145462036133	-0.33730604791071184	-0.673134256914582
2.5746817588806152	-0.34106460446538844	-0.6510007528201351
2.5796749591827393	-0.34362454342147974	-0.6720110730723003
2.584740400314331	-0.3473789506720874	-0.6497136828704417
2.5896809101104736	-0.3499369326461035	-0.6728235012987525
2.594649314880371	-0.35369482925364376	-0.6494344770136589
2.60031795501709	-0.356248558413119	-0.6705320590801016
2.604698896408081	-0.3587283733700016	-0.5879461819533993
2.6097187995910645	-0.3626022106667213	-0.670773785395802
2.61474871635437	-0.3665506813971635	-0.6488124375373092
2.619643211364746	-0.3690801855047136	-0.6644225633203982
2.624647378921509	-0.3716869767337672	-0.6821395363097098
2.629660129547119	-0.37549481955506636	-0.657993505653595
2.63466739654541	-0.37808155279917044	-0.6789375162152962
2.639700412750244	-0.3818734679963749	-0.6556420428165888
2.644667148590088	-0.38445223001403755	-0.6773181605943
2.6497011184692383	-0.38823448984039727	-0.6535425855403869
2.6546661853790283	-0.3908053869199729	-0.675459545772972
2.659651756286621	-0.3945777500352328	-0.6520125776317875
2.6646783351898193	-0.39714156461985745	-0.6731493072593397
2.6696698665618896	-0.4009031668344533	-0.6513336636344076
2.6746609210968018	-0.40346499887803733	-0.6727743390080223
2.679699420928955	-0.40610522545509165	-0.6913113478969908
2.6846415996551514	-0.4099635070987138	-0.666213573519183
2.6896779537200928	-0.4125783501242743	-0.6846714981464905
2.694652795791626	-0.41640097875689386	-0.6607534743697856
2.699669122695923	-0.41899682468127514	-0.6806048435129965
2.7046682834625244	-0.4227975500987311	-0.6571164744667042
2.7096574306488037	-0.42538072326757925	-0.6779203613288314
2.714669942855835	-0.4280397629372458	-0.6957389457266476
2.7196547985076904	-0.4306119323214542	-0.6098000520153763
2.724653482437134	-0.4345478247241474	-0.6881279922877732
2.7296226024627686	-0.4383879693563442	-0.6628318432809439
2.734665870666504	-0.4409910505382005	-0.6822317520415919
2.739640712738037	-0.44500662391835405	-0.659334102440589
2.7446539402008057	-0.44757296373581285	-0.672415544975909
2.7497377395629883	-0.45153421277692474	-0.6507880175521221
2.754662275314331	-0.4540725869510573	-0.6672270538350145
2.759655237197876	-0.45780028076044765	-0.6445930554602943
2.7646610736846924	-0.4603369579067799	-0.6668157419605094
2.76969838142395	-0.4640644140710839	-0.6458205596778839
2.774656057357788	-0.4666073578593859	-0.6689004755667987
2.7798049449920654	-0.4705467215218196	-0.6469458548943561
2.7846477031707764	-0.4730729977112187	-0.6652169924736906
2.7897050380706787	-0.47568173923685536	-0.6819536935541712
2.7947018146514893	-0.47948980580514333	-0.658852542849043
2.7996668815612793	-0.48207947276602164	-0.6794359673832542
2.804640531539917	-0.4858726179049039	-0.6551643982963327
2.809643507003784	-0.48844760318970315	-0.6756357376574385
2.8147215843200684	-0.49222156983333576	-0.6528403902970923
2.8196980953216553	-0.49479142989420066	-0.6758016487852019
2.8248045444488525	-0.49856631160362724	-0.6525824446258346
2.8296968936920166	-0.5011359546036825	-0.6761152810390225
2.8346540927886963	-0.5049101614405119	-0.6511648041131313
2.8396756649017334	-0.5074696304672758	-0.6717306183852603
2.844658374786377	-0.5101067849057314	-0.6909754382588755
2.849722385406494	-0.5139618301293541	-0.6648519982149206
2.8547022342681885	-0.5178866672408106	-0.6457417914962522
2.8596582412719727	-0.5204034267338975	-0.6607522853219334
2.8647212982177734	-0.522998400301637	-0.6801370017820587
2.869673728942871	-0.526797915780768	-0.6576621957482258
2.8746988773345947	-0.529381905457172	-0.6775132049053025
2.879636764526367	-0.5331663329029399	-0.6547742523807523
2.8846607208251953	-0.5357391135887111	-0.6746610623023488
2.889690399169922	-0.5395082679474317	-0.6524320270529604
2.8946692943573	-0.5420752680530811	-0.6744962041343914
2.899677038192749	-0.5447216238770314	-0.6926118732330486
2.904714822769165	-0.5485857657102321	-0.6666196957989474
2.909677505493164	-0.5512048479243098	-0.6869193627787074
2.9146597385406494	-0.5550379148422704	-0.661200775129597
2.9197165966033936	-0.5576352393175655	-0.6810324148646381
2.924671173095703	-0.5614395224639024	-0.6582940060618299
2.9296813011169434	-0.5640258573847197	-0.6780945400988603
2.934755563735962	-0.5678129255740514	-0.6549403467701305
2.9396748542785645	-0.570390391360611	-0.6775528003917728
2.944673538208008	-0.5741727812711512	-0.652825362930469
2.9496614933013916	-0.5767397314354381	-0.6740510940135813
2.954648971557617	-0.580505040315267	-0.6512934118772307
2.9596810340881348	-0.5830664003960654	-0.6725995646919383
2.9647510051727295	-0.5868252720686753	-0.6510050678391068
2.969726085662842	-0.5893883203390227	-0.6740914760872136
2.9747560024261475	-0.5920332889363722	-0.6922441503806902
2.979768991470337	-0.5958961282870503	-0.6667688920915338
2.9846744537353516	-0.5985151164213112	-0.6865778912284961
2.9897234439849854	-0.6023444311655304	-0.659728897056471
2.9946625232696533	-0.6049381054009231	-0.6810289366984819
2.9996821880340576	-0.6074567522340725	-0.5971535041715137
3.00472092628479	-0.6113185944617697	-0.6772476908725431
3.0097172260284424	-0.6136890841247163	-0.5043912025314155
3.0147416591644287	-0.6161752027381971	-0.2986900290224844
3.0196642875671387	-0.6170891182840397	-0.14906353888542445
3.024653196334839	-0.6174880601723975	-0.012665136175736266
3.029694080352783	-0.6173805042397944	0.09092059580510739
3.0347018241882324	-0.6168681841939804	0.18855621560700106
3.0397019386291504	-0.6156753472928461	0.26068369030827876
3.04467511177063	-0.614542926825986	0.3347245915896536
3.049668073654175	-0.6131402866613495	0.3983021160942142
3.0549378395080566	-0.6108366629519276	0.42924166803518593
3.059678554534912	-0.6090792687613673	0.48610534851111786
3.0646564960479736	-0.606315535340793	0.4952575681398931
3.069715976715088	-0.6043267629282709	0.5369529148591143
3.0747056007385254	-0.6021815656399541	0.5750946055224588
3.0796713829040527	-0.5989402425563098	0.5717022998668244
3.0846683979034424	-0.596670796712996	0.6032572149423023
3.0896711349487305	-0.5932807240593053	0.5944068675786334
3.094738245010376	-0.5909270269770993	0.6236748342852152
3.0997025966644287	-0.5874262949480864	0.6123290144005549
3.1050026416778564	-0.5837862789609021	0.6015200022687728
3.109694480895996	-0.5814216292020613	0.6289619839119305
3.114691972732544	-0.5789493734005673	0.6477264112361745
3.119964122772217	-0.5753257637446864	0.6298569754602032
3.1246604919433594	-0.5728341265073331	0.6598383685644145
3.129664421081543	-0.569150834507104	0.6343038182003968
3.1346805095672607	-0.5666526644668454	0.6577907273966954
3.1398794651031494	-0.5629726555278964	0.6387726795539521
3.1447324752807617	-0.5604505242886312	0.6660979629228612
3.1498665809631348	-0.556532167426631	0.6427802302242704
3.1549201011657715	-0.5540216252238032	0.6612990953574467
3.1597471237182617	-0.5514208762045476	0.6828212024453408
3.164719343185425	-0.5487485557061614	0.6967703229009494
3.169717788696289	-0.5448646752171379	0.6690359659634493
3.1747241020202637	-0.5422381347717204	0.6881589883984809
3.1796746253967285	-0.5383974857346707	0.6630304587842328
3.184654474258423	-0.5357942046174099	0.6820373099966464
3.189704179763794	-0.5319871947898371	0.6574951610229061
3.194850206375122	-0.528102395280372	0.6395201123630074
3.199653148651123	-0.5256033457161959	0.6587402021272548
3.2046585083007812	-0.5230195338169077	0.6755335268167011
3.2096946239471436	-0.5192474023262055	0.6525696171159159
3.214745283126831	-0.5166797997015808	0.6747182760675801
3.2196671962738037	-0.5129087387426587	0.6531574895205325
3.2246973514556885	-0.5103422282613687	0.6729749821368081
3.2296998500823975	-0.5065819497193833	0.6511776955676629
3.2346670627593994	-0.5040203357532356	0.6728673996292205
3.239710807800293	-0.5002618977463044	0.6499247211672892
3.2447023391723633	-0.4977039398807991	0.6725267315710004
3.2496607303619385	-0.4939462373702775	0.6502014122437685
3.254664897918701	-0.49138974103425886	0.6710686737294551
3.2596511840820312	-0.48764006793622094	0.6491646934527047
3.2647182941436768	-0.4850864498119731	0.6707566146010855
3.26975154876709	-0.48133628785116345	0.6502309690408077
3.274665355682373	-0.47877700861655836	0.6727277217689722
3.2796597480773926	-0.4762888173590751	0.5899447454867512
3.2846434116363525	-0.4724687370882418	0.6704453250832647
3.2897753715515137	-0.4685196835717439	0.6486594831053545
3.2946784496307373	-0.4672892246476896	0.6040861216677362
3.2996537685394287	-0.4633729701196811	0.6841428769528419
3.3046491146087646	-0.4595553139602819	0.6590339224663009
3.309654951095581	-0.45696545391982724	0.6794416582830487
3.3146419525146484	-0.45317105136286656	0.6559945711665727
3.3196558952331543	-0.45059240888601393	0.6766864611417309
3.324617385864258	-0.4479371927272412	0.6951562077635454
3.329667568206787	-0.44406069355251726	0.6677781811421213
3.334765911102295	-0.4403272341465352	0.6474187085598913
3.339672327041626	-0.43777635127860204	0.6715900098835839
3.3447437286376953	-0.4351424807417935	0.688726161140099
3.3497371673583984	-0.4312975761493437	0.6646822327746995
3.354729175567627	-0.4286866038721272	0.6844360936617626
3.359706401824951	-0.42486616035169605	0.6597347869706334
3.3646769523620605	-0.4222742005287666	0.6797052687640213
3.3696651458740234	-0.4184796209836087	0.6554649481511061
3.3747100830078125	-0.4159030641621019	0.6761995365361
3.3796985149383545	-0.4132486802320519	0.6953657840539114
3.384840965270996	-0.4093699997643196	0.6685375459841048
3.389704465866089	-0.40674081039134435	0.6906771261139848
3.3946807384490967	-0.40289000574532824	0.6623588150180146
3.4001569747924805	-0.40028914148161854	0.6817660306938294
3.4046530723571777	-0.39646824302405553	0.6673951760108596
3.4096412658691406	-0.3938603884866679	0.677285488831636
3.4146554470062256	-0.3900819488020264	0.653206384752389
3.4197018146514893	-0.3875127743475518	0.6747981850470952
3.424729108810425	-0.3837415978586687	0.6531039393346578
3.429715394973755	-0.381172094661075	0.6750629301277979
3.434818744659424	-0.3774012375702647	0.6521154282101138
3.439718723297119	-0.3748333472359731	0.6756625582852069
3.4446773529052734	-0.3710613321516173	0.6509508630959111
3.449640989303589	-0.36850256271391063	0.6715858394065988
3.4546070098876953	-0.36475138537761914	0.6487575709141962
3.4596669673919678	-0.362200085746114	0.6699320368105697
3.464632272720337	-0.35845467733280195	0.6493928817802344
3.469661235809326	-0.3559005728520434	0.6706111599823643
3.474755048751831	-0.3519476423763501	0.6496770902145328
3.4797041416168213	-0.34941302246407746	0.6664704370747248
3.4846673011779785	-0.34568851026248676	0.6444964313252795
3.4896981716156006	-0.34315296688654784	0.66616331216606
3.4947285652160645	-0.3394284449673522	0.6457621567756493
3.499661445617676	-0.33688579524748263	0.6687467757346266
3.5046327114105225	-0.33294906651449185	0.6463070773299602
3.509643077850342	-0.3304305497214392	0.6610530488142057
3.5146310329437256	-0.32652976166547476	0.6415720311161017
3.5196447372436523	-0.3240280347769385	0.6573012253752915
3.524620294570923	-0.3214438900705954	0.6783334537666947
3.5296413898468018	-0.3176561360225309	0.6545125209581895
3.534658193588257	-0.3150820358791153	0.6760508526895117
3.5396504402160645	-0.31130506522960244	0.6535219678052524
3.544693946838379	-0.30873525418440423	0.6746687849180477
3.5497119426727295	-0.3062401746544207	0.5915636191272806
3.5546469688415527	-0.3023965264901327	0.6747028974542437
3.559701442718506	-0.2997508113229265	0.6918823875486884
3.564699649810791	-0.2958894658346107	0.6669200600316398
3.569725275039673	-0.29327024709566446	0.6864450775532052
3.57466721534729	-0.29073204038170997	0.6017678572867144
3.579645872116089	-0.2866372648540902	0.6813971443165032
3.58467435836792	-0.28398997824257105	0.691619746291879
3.589658260345459	-0.28127984310660287	0.7083304827685832
3.5946645736694336	-0.27733271375807433	0.6788655105035568
3.5997061729431152	-0.2746699013039266	0.6968460528300777
3.6046273708343506	-0.27078206652355796	0.6707558484615208
3.6096463203430176	-0.2681512242761784	0.688182290264781
3.61466383934021	-0.2654541285806021	0.7051123136279731
3.61966872215271	-0.2615231112839193	0.676942589960325
3.6247122287750244	-0.2588672042191082	0.6952023970793872
3.6296780109405518	-0.2549880337578729	0.6694688675991107
3.6346638202667236	-0.2523605327223245	0.6879766499490421
3.639648199081421	-0.2485217347644141	0.6624220136017447
3.644653797149658	-0.24591975549287576	0.6821677093682497
3.649657726287842	-0.24190708178009043	0.6585357285413551
3.6546926498413086	-0.23934279160032837	0.6723111487044746
3.6597630977630615	-0.23538031700181267	0.6511868164267172
3.6650125980377197	-0.2328408819396736	0.6673034658013435
3.669670343399048	-0.23037247785715406	0.5852667948558508
3.674661159515381	-0.22655051841623952	0.6662428694518452
3.6796395778656006	-0.22393593330161152	0.6851560444803435
3.684638738632202	-0.2201121254954313	0.660032095704854
3.6896414756774902	-0.2175184801049043	0.6803879674796467
3.6947667598724365	-0.2137191251436027	0.6566992174585551
3.6996700763702393	-0.21113370653003966	0.6801009625763257
3.7047247886657715	-0.2073378862684371	0.6546245817811944
3.709667921066284	-0.20476272775523782	0.6767230992292363
3.714832305908203	-0.20098417120867207	0.6526132761762105
3.719676971435547	-0.19841282392593396	0.6772690935209864
3.724677085876465	-0.1944361288607808	0.6515597791960759
3.729663372039795	-0.1918975442069685	0.6661769414777745
3.734626054763794	-0.18797107924649836	0.6452486635153709
3.739636182785034	-0.1854566769958986	0.6599681881154122
3.7449238300323486	-0.1815617252449531	0.6406813551951984
3.7496421337127686	-0.17905412590859798	0.6626180894957154
3.754672050476074	-0.1764579644008332	0.6773825344404873
3.759669303894043	-0.17267595881757616	0.6544408103809736
3.7647390365600586	-0.1688106820650991	0.636060200420133
3.769695520401001	-0.16632663862165897	0.6541893289398077
3.774716854095459	-0.1637551994655802	0.6745989670420927
3.7796759605407715	-0.15998630258110957	0.6523550177897741
3.7846734523773193	-0.15742174831865002	0.6729920303500507
3.789828062057495	-0.15366207664174888	0.6505795861835562
3.7946951389312744	-0.15109818650764043	0.6753909108897553
3.799708843231201	-0.14712992739354566	0.6504905501921545
3.8046343326568604	-0.14459483294158748	0.6655297865700258
3.8096673488616943	-0.14198313016887193	0.683703448237776
3.8146982192993164	-0.13816586987826412	0.659882418882402
3.8196659088134766	-0.1355715217343754	0.6809839260463926
3.8246545791625977	-0.13176981822755257	0.6565119679498042
3.8297135829925537	-0.12918943012280426	0.6771114206961533
3.83467960357666	-0.12540581322042524	0.6551882149505388
3.839733839035034	-0.12283048397009798	0.6756414545011473
3.844728469848633	-0.11905498242725596	0.6538763504853813
3.849665880203247	-0.11648360701275197	0.675079805760703
3.854698419570923	-0.1127144123020295	0.6510906299533541
3.859668016433716	-0.11015268451983538	0.6732640080581331
3.8646492958068848	-0.10618938393198722	0.6506965930499045
3.8696727752685547	-0.10365448468278617	0.6650605921721333
3.8747360706329346	-0.09993608469938223	0.6447148090407246
3.8797569274902344	-0.09739630368273276	0.6684974029332771
3.8846704959869385	-0.09492343792418295	0.5863268975033973
3.8897323608398438	-0.09111321842861295	0.6679317409609897
3.8946635723114014	-0.08848896181746296	0.6884411193832054
3.8996622562408447	-0.08464859682101201	0.6618203427612404
3.9046971797943115	-0.08204866765462022	0.6818560568851291
3.9097061157226562	-0.07952725531274298	0.5977947482367902
3.914707660675049	-0.07565179849062167	0.6793743912545163
3.9196407794952393	-0.072987008619832	0.6972643135935739
3.9246697425842285	-0.07025887451523306	0.7113510485784218
3.929669141769409	-0.06629512670858724	0.6820812532069538
3.9346694946289062	-0.06362052247296203	0.6995566958947743
3.9396591186523438	-0.05971963016919867	0.6720921029068727
3.944675922393799	-0.05708202776432204	0.6906676222385388
3.94966721534729	-0.05322783156883139	0.6652521926275916
3.9546515941619873	-0.05061512314339336	0.6848045605002588
3.959670305252075	-0.046792978619798364	0.6598732046091005
3.964675188064575	-0.044199287915159154	0.6806564486172257
3.9698851108551025	-0.04019439949736044	0.6573517110858964
3.9746713638305664	-0.037628165542363055	0.6754706313960381
3.9795939922332764	-0.03366499352474699	0.6489496091470843
3.984673261642456	-0.031138344034102677	0.6623368290090696
3.9898669719696045	-0.027226236544643533	0.6439429066436768
3.9946651458740234	-0.024709537735118716	0.663540975939872
