Czas:	Pozycja:	Prędkość:
0.0	0.0	0.0
0.009560585021972656	0.0	0.0
0.019561767578125	0.0011126952834425027	0.192945939811495
0.029577016830444336	0.0038688673922785775	0.3364543903282745
0.03955984115600586	0.007810418024580756	0.4368171434049951
0.049576520919799805	0.012576023543695655	0.5061509896021451
0.059558868408203125	0.017917457010075237	0.5551840888970861
0.06957435607910156	0.024041362195171726	0.574756182996239
0.0795743465423584	0.030331138623243617	0.5889638533982339
0.08955001831054688	0.036735708436946346	0.5985804803806408
0.0995476245880127	0.04321583854592036	0.6048297903935228
0.11010026931762695	0.04975090729353797	0.6095998081067494
0.11966776847839355	0.05641115954506828	0.623353192159206
0.129594087600708	0.06178070368299981	0.660283421880311
0.13958024978637695	0.06838292866913263	0.6608421476324412
0.14960694313049316	0.07499675369577175	0.6624419473583883
0.1600034236907959	0.08162849605638066	0.6643759550565872
0.16958880424499512	0.08831923098323374	0.6731877375566657
0.17962169647216797	0.09535510809359345	0.6495913689130366
0.18963837623596191	0.10226484117782654	0.6414770574545043
0.1996166706085205	0.10910513966799182	0.6355141843602936
0.20958828926086426	0.11460552147586343	0.6776880039804001
0.21960091590881348	0.12135660833995976	0.6738962796861971
0.22961139678955078	0.12808119187872594	0.672079667411897
0.23956990242004395	0.13517364386133449	0.6568019943409884
0.24958467483520508	0.14213135091556317	0.6451081795383258
0.2595555782318115	0.14900130480483714	0.6380104844713872
0.2696051597595215	0.15580593020222563	0.6322367967267675
0.2796463966369629	0.16257509977815862	0.6296885373591334
0.2896101474761963	0.16893768409716536	0.6417655266711031
0.2995474338531494	0.1757728694688072	0.6347847002526499
0.3095862865447998	0.18126349777005135	0.6763136415843203
0.31981492042541504	0.18928943430293232	0.6274778537392438
0.32960963249206543	0.1947640828843729	0.676717127670428
0.3395547866821289	0.20148659123445842	0.6696507286219935
0.34960389137268066	0.20816829010116195	0.6677561267827299
0.36025023460388184	0.21523104826684933	0.6545120943221991
0.3695869445800781	0.22186881053778232	0.6712881648152773
0.37964916229248047	0.2288505801527777	0.6435968642355048
0.3895893096923828	0.2344159114421453	0.6854391550588121
0.39958810806274414	0.24122727606046596	0.6786669979848736
0.40958714485168457	0.2483722505434528	0.6611757157179794
0.41957688331604004	0.2549896405993282	0.6628714801326259
0.42960691452026367	0.2620029312898594	0.6499908881855319
0.43959736824035645	0.2689155194864026	0.6417021178451425
0.44959163665771484	0.27575361839188883	0.6351784447641904
0.45958828926086426	0.2825384974693061	0.6307007940370437
0.4696078300476074	0.2892868120393049	0.6276230883702891
0.4796485900878906	0.2960132803503733	0.6259068255870217
0.4895668029785156	0.30145533708321637	0.6717481031520809
0.49960899353027344	0.30941893173252244	0.6222498290545988
0.5096051692962646	0.31483618604698377	0.6690360636974013
0.5195748805999756	0.3215187714438816	0.6683588689233666
0.5295531749725342	0.32819268764212967	0.6673522214623757
0.5395791530609131	0.33524116502547896	0.6529003504302506
0.5496189594268799	0.34217712460758687	0.6436548882437569
0.5595817565917969	0.3490389631883458	0.6374673528262136
0.5695972442626953	0.3558378551233985	0.6317057712452545
0.5796298980712891	0.3625973718376505	0.6286777320976273
0.5895736217498779	0.36933456730018105	0.6268886347417266
0.5995604991912842	0.3760432523994235	0.6239703653626716
0.6095669269561768	0.3814658163974032	0.6692092934512452
0.619736909866333	0.38941875189397535	0.622259398560643
0.6295666694641113	0.3948509448701216	0.6716223113444022
0.6395595073699951	0.40153550395888565	0.6668047569000921
0.6495585441589355	0.4085817044451375	0.6527908335079837
0.659696102142334	0.4155125942083201	0.6430724024713783
0.6695835590362549	0.4223847457137613	0.6388975110506379
0.6796379089355469	0.42918378300383986	0.6312877954428651
0.6895320415496826	0.4359458618710741	0.6291162869793205
0.6996643543243408	0.4426652521268882	0.6245922117516254
0.7096211910247803	0.44810898790225046	0.6726104175876133
0.7196333408355713	0.4548164841267101	0.6700581498422133
0.7295875549316406	0.4615093528129756	0.669393416910053
0.7395553588867188	0.4685709457636729	0.653871697914167
0.7496068477630615	0.4755059204051591	0.6432393833808092
0.7595577239990234	0.4823661381776228	0.6373970392195973
0.769603967666626	0.4891626065924906	0.6314327963301396
0.7795908451080322	0.4959246281675796	0.6290651510563867
0.7895848751068115	0.5026579398954635	0.6262988591596563
0.7996072769165039	0.5093695401110219	0.6245041197371584
0.8095579147338867	0.515687169119893	0.6377700188155258
0.8195631504058838	0.5224873687500656	0.6317519552448108
0.8295917510986328	0.5292456808349799	0.628517337823532
0.8396346569061279	0.5359809264246548	0.626700636267268
0.8496952056884766	0.5427033996778237	0.6257025050992759
0.8595507144927979	0.548146364583452	0.6719943455162218
0.8696622848510742	0.5548369809776419	0.6675831017235851
0.8795666694641113	0.5615209979646144	0.6696731901043249
0.8896095752716064	0.5681981607881021	0.666951171254881
0.8996737003326416	0.5748689776008794	0.667847100351247
0.9095783233642578	0.5815496642432764	0.6689010598227441
0.9195582866668701	0.5882204824772198	0.6664172119540528
0.9296102523803711	0.5948795695469451	0.6662044770550826
0.939645528793335	0.6015452874140559	0.6675097505515648
0.9496021270751953	0.6082198346409547	0.6680836644208061
0.95963454246521	0.614889957626086	0.6668959355976032
0.9695436954498291	0.6215591018114215	0.667597227649041
0.9796154499053955	0.6285989118111094	0.6517727396706166
0.9896328449249268	0.6351472054422771	0.6577817984576031
0.9995827674865723	0.6417394334428014	0.6609391248968561
1.0095810890197754	0.6487306290859022	0.6478954983401621
1.0195872783660889	0.6556210295385995	0.639645174154273
1.02958345413208	0.6620616604907953	0.6480014699311014
1.0396089553833008	0.6685707424184817	0.6536901140763831
1.0495648384094238	0.6755138325719153	0.6442600704499812
1.0596048831939697	0.6823676838785431	0.636312787453609
1.0699076652526855	0.6891689986994083	0.6323517706871302
1.079637050628662	0.6959782753225532	0.6345253931432475
1.0896072387695312	0.7014429384157216	0.6719237455094611
1.0996077060699463	0.7085278517966302	0.655934381706961
1.1095993518829346	0.7154848917699087	0.6452914233128375
1.1195695400238037	0.7223527807395825	0.6377038327589708
1.1295480728149414	0.7291547660222137	0.632009504231847
1.1396737098693848	0.7359110728760503	0.6281953073876974
1.1495718955993652	0.7413786325255786	0.6751761945346053
1.159576177597046	0.7481004656798403	0.6706636945414941
1.169600486755371	0.7547974090612951	0.6696565097830827
1.1796047687530518	0.7614883835598194	0.6693590497523714
1.1895902156829834	0.7685574371150652	0.6547883944144919
1.1995980739593506	0.7751205606735401	0.6581430115999238
1.209604263305664	0.7820976505578399	0.6470337900624581
1.2196247577667236	0.788982160434856	0.6391920947890397
1.229677438735962	0.7958042015533406	0.6339924117256615
1.2397689819335938	0.802588331673534	0.630971069509584
1.249563455581665	0.808070875439851	0.6765685577932357
1.259638786315918	0.8147921203756788	0.6695413736214038
1.2696354389190674	0.821488067640374	0.6703070104787385
1.2796428203582764	0.828181194220886	0.6692550157149337
1.2895874977111816	0.8348668863770007	0.6687373900302866
1.2995760440826416	0.8415410120447558	0.6671110403994569
1.3096003532409668	0.8485890837234514	0.6529245859559132
1.3198645114898682	0.8555249851588929	0.6436404414142292
1.3296229839324951	0.8624214013508814	0.6416719685364152
1.3399300575256348	0.8692233761548297	0.630799519830775
1.349867820739746	0.8747298315511852	0.6807895300600897
1.359581470489502	0.8815025851686074	0.6753781334221729
1.369581937789917	0.8885763325477094	0.6535253812454866
1.3796608448028564	0.8955135008336768	0.6436113745114529
1.3895950317382812	0.9010808764917806	0.6857872004702006
1.3996074199676514	0.9078944194547109	0.678789531729044
1.409609317779541	0.914659333735564	0.6754869170215301
1.4195783138275146	0.9213957917905846	0.6729726570199961
1.429581642150879	0.9284891928983998	0.6566453115669697
1.439812183380127	0.9341367626227733	0.6940306072237679
1.4497220516204834	0.9423619069025182	0.6425749462630599
1.4596021175384521	0.9479025339359552	0.6815991012606639
1.4702033996582031	0.9546752205846815	0.6747755597627967
1.4795689582824707	0.9614755597610155	0.6845720968489968
1.4901025295257568	0.968212940011317	0.6664700387842148
1.4996328353881836	0.9749368535550813	0.6774102081740603
1.5095834732055664	0.9816343288422779	0.664800049761979
1.519599437713623	0.9871612770112704	0.47107450092068437
1.5296411514282227	0.9910468938486402	0.32850708673920437
1.5396051406860352	0.9937565367652303	0.2290849548513355
1.5504601001739502	0.995646110689978	0.15975276837694585
1.559579849243164	0.9969638081604522	0.11140385461218746
1.569580078125	0.9977244275422866	0.0834952323949189
1.5796453952789307	0.9984131258205151	0.05822553702848415
1.5896453857421875	0.9988933906925354	0.04060367358725604
1.5996341705322266	0.9992283041874406	0.028315038261876802
1.609553575515747	0.9994216275421336	0.02122162386729737
1.6196422576904297	0.9995966710194606	0.01479893415285475
1.6296634674072266	0.9997187378749965	0.0103200609637593
1.6395738124847412	0.9998038613965808	0.007196711411490711
1.6495933532714844	0.9998632224237416	0.005018638486940154
1.659623384475708	0.999904617933232	0.003499755766556597
1.66961669921875	0.9999334851595576	0.0024405604144251605
1.6796424388885498	0.9999536157671038	0.0017019288012536282
1.6896209716796875	0.9999676538792388	0.0011868428363471305
1.6995668411254883	0.9999774433797226	0.0008276467953021456
1.7096173763275146	0.9999842701039147	0.0005771608479171355
1.719590187072754	0.9999890307312084	0.0004024840623570951
1.729588508605957	0.9999923505624467	0.0002806729199217932
1.7396063804626465	0.9999946656521967	0.00019572772028995166
1.7495934963226318	0.9999962800838248	0.00013649104623716907
1.7598893642425537	0.9999974059103641	9.518225458748187e-05
1.7695741653442383	0.9999981910073448	6.637550109278635e-05
1.7795491218566895	0.9999987384960098	4.628706437074688e-05
1.7897529602050781	0.9999991202881271	3.2278360120972815e-05
1.799605369567871	0.9999993865314849	2.250936728264595e-05
1.809809684753418	0.9999995721967264	1.5696944133249303e-05
1.8195817470550537	0.9999997016706865	1.0946289699508418e-05
1.8295493125915527	0.9999997919595647	7.633413048152786e-06
1.839613914489746	0.9999998549226619	5.323173088880454e-06
1.8495967388153076	0.999999891267083	3.989624737798217e-06
1.8595805168151855	0.9999999241749223	2.782171345155492e-06
1.8696448802947998	0.9999999471232579	1.9401517412616127e-06
1.8795933723449707	0.9999999631263173	1.3529679932368218e-06
1.8895957469940186	0.999999974286077	9.434944435681705e-07
1.899587631225586	0.9999999820683537	6.57947393568764e-07
1.9095988273620605	0.999999987495337	4.588206956542913e-07
1.919694423675537	0.9999999912798527	3.1995936781740955e-07
1.9296221733093262	0.9999999934644027	2.3980392847242127e-07
1.939723253250122	0.9999999957593982	1.5559602485700302e-07
1.950190544128418	0.9999999968217435	1.1661648836825427e-07
1.9596338272094727	0.9999999977836377	8.132269864954369e-08
1.9696180820465088	0.9999999984544161	5.67105168057398e-08
1.9796168804168701	0.9999999989221846	3.9547169162622035e-08
1.9896109104156494	0.9999999992483837	2.757828270665718e-08
1.9996297359466553	0.999999999475859	1.9231761930704615e-08
2.0096986293792725	0.9999999996344894	1.3411301353491592e-08
2.0195562839508057	0.9999999997451104	9.352401173817095e-09
2.0295491218566895	0.9999999998222524	6.52190912935341e-09
2.0395607948303223	0.9999999998760474	4.5480663311522125e-09
2.0496156215667725	0.9999999999070996	3.4086959155478683e-09
2.059582471847534	0.9999999999352157	2.3770643026415762e-09
2.069608211517334	0.9999999999548227	1.6576461116554699e-09
2.079634428024292	0.9999999999684954	1.1559642114746816e-09
2.089587450027466	0.9999999999780302	8.061135504144465e-10
2.099576711654663	0.9999999999846794	5.621443854397222e-10
2.1096057891845703	0.9999999999893161	3.920138507555513e-10
2.1195919513702393	0.9999999999919925	2.938076058501771e-10
2.129688262939453	0.9999999999948042	1.9064343282900997e-10
2.139570474624634	0.9999999999961058	1.4288605408955995e-10
2.1496059894561768	0.9999999999972844	9.964288852593197e-11
2.1596035957336426	0.9999999999981063	6.948357850968273e-11
2.1695618629455566	0.9999999999986794	4.845503711003192e-11
2.1796255111694336	0.9999999999990791	3.379029077782283e-11
2.189594268798828	0.9999999999993576	2.3568005012591616e-11
2.200214385986328	0.9999999999995521	1.643463503334234e-11
2.2095980644226074	0.9999999999996877	1.1458028676006479e-11
2.219860553741455	0.9999999999997659	8.588702585844239e-12
2.2295820713043213	0.9999999999998367	5.99239953357215e-12
2.239614486694336	0.999999999999886	4.184360883636775e-12
2.2495572566986084	0.9999999999999203	2.922173765735978e-12
2.2596065998077393	0.9999999999999444	2.039127269856433e-12
2.269606590270996	0.9999999999999613	1.4213485099192164e-12
2.279571533203125	0.999999999999973	9.89360183415901e-13
2.289571523666382	0.9999999999999811	6.899026204492701e-13
2.2995996475219727	0.9999999999999869	4.814630792746768e-13
2.309576988220215	0.9999999999999908	3.372057039125226e-13
2.319544553756714	0.9999999999999936	2.3487359065936757e-13
2.3296256065368652	0.9999999999999953	1.7446615715910922e-13
2.3396224975585938	0.9999999999999966	1.2498069186788682e-13
2.349552869796753	0.9999999999999977	8.723307853842941e-14
2.3596136569976807	0.9999999999999986	4.948549570116255e-14
2.3696398735046387	0.9999999999999986	4.907185784485358e-14
2.379591464996338	0.9999999999999986	4.907185768843197e-14
2.3895788192749023	0.9999999999999986	4.907185768843192e-14
2.399567127227783	0.9999999999999986	4.9071857688431906e-14
2.40960693359375	0.9999999999999986	4.907185768843192e-14
2.419647455215454	0.9999999999999986	4.9071857688431906e-14
2.429574966430664	0.9999999999999986	4.907185768843192e-14
2.4396047592163086	0.9999999999999986	4.9071857688431906e-14
2.4496264457702637	0.9999999999999986	4.907185768843192e-14
2.4595947265625	0.9999999999999986	4.9071857688431906e-14
2.4696202278137207	0.9999999999999986	4.907185768843192e-14
2.4796226024627686	0.9999999999999986	4.9071857688431906e-14
2.4895901679992676	0.9999999999999986	4.907185768843192e-14
2.499598503112793	0.9999999999999986	4.9071857688431906e-14
2.509639263153076	0.9999999999999986	4.907185768843192e-14
2.519627332687378	0.998878147872578	-0.19453377422885787
2.529700517654419	0.9954708693418817	-0.31392059857727783
2.5396230220794678	0.9921551517689345	-0.4385742688825768
2.5495877265930176	0.9873820687884731	-0.5061593805900726
2.5595719814300537	0.9820466196689299	-0.5541405946366629
2.569579839706421	0.9759310304871176	-0.5740639765573006
2.579603910446167	0.9696481435246308	-0.5883378166884892
2.589599132537842	0.9632450134284363	-0.598596282692859
2.599677562713623	0.9579947216221679	-0.6503603140426402
2.6096105575561523	0.9514566108631017	-0.6569949916875182
2.619628667831421	0.9448806950214395	-0.6586871764294282
2.6295652389526367	0.9382809262304411	-0.6615839773478338
2.6395890712738037	0.931286476408203	-0.6480943709969647
2.6496076583862305	0.924390490325803	-0.6402630991946909
2.65956449508667	0.9179433194732065	-0.6486825979482729
2.669555425643921	0.9110521506272301	-0.6394782867482098
2.6798980236053467	0.9042323213218262	-0.6336365739074279
2.6895179748535156	0.897406289788791	-0.6361693126858952
2.6996843814849854	0.8919431388550447	-0.6709473224229254
2.709606409072876	0.8852250080823331	-0.6731242957788326
2.7196099758148193	0.8785173218791799	-0.6697142404573122
2.729625701904297	0.8718282914001316	-0.6689801346840412
2.7395873069763184	0.8660945003241962	-0.7035937380757569
2.7495687007904053	0.8591308963901377	-0.6917598556725579
2.759599447250366	0.8509660190300162	-0.6364208089368142
2.7696080207824707	0.8441652510882621	-0.6322524333991024
2.779505968093872	0.8386836151052972	-0.6758544621581475
2.7896053791046143	0.8319562238250089	-0.6711310730464493
2.7996108531951904	0.8252443539009093	-0.6719022714751688
2.8096110820770264	0.8185370405723982	-0.6705456682541258
2.8195981979370117	0.8118415344399831	-0.6694931404628186
2.829625368118286	0.8051562364612336	-0.6684944835270124
2.839562177658081	0.7984745150694533	-0.668606330829117
2.8496036529541016	0.7914221048391269	-0.6529959616308263
2.859586000442505	0.7844829601519681	-0.6440126737991483
2.8696415424346924	0.7776270565558175	-0.6366374362013463
2.8795995712280273	0.7708206670768707	-0.6328693099563556
2.8895859718322754	0.7640604387887344	-0.6284097474148196
2.899588108062744	0.7573326072874805	-0.6258328103107342
2.909581184387207	0.7506235975543115	-0.6243314038385557
2.9195504188537598	0.7439283730136211	-0.6231142033875661
2.929595470428467	0.7372468756476727	-0.6218174872198239
2.939887762069702	0.7305643488122483	-0.6223375139461367
2.9498109817504883	0.7238392956805637	-0.6273448635543133
2.9595987796783447	0.7184010991822893	-0.6704539056652905
2.9695959091186523	0.7117310795444884	-0.6651414339864967
2.979593276977539	0.7050805263869314	-0.6656604485154842
2.989546537399292	0.6980430515251869	-0.6520790933042413
2.999574661254883	0.6911251118939452	-0.6417161133247893
3.009582042694092	0.6842810721522169	-0.6358958400654198
3.019569158554077	0.6774882475653178	-0.631447431875787
3.029574155807495	0.6707352492801026	-0.6279646060899207
3.039592981338501	0.6652833052195871	-0.6725686131403152
3.0495893955230713	0.658568948811147	-0.6712791474444944
3.0602498054504395	0.6514852748018737	-0.6559795348477873
3.0695924758911133	0.6448337717155419	-0.6725953460473928
3.079599618911743	0.6378402971526218	-0.6446204991747959
3.0896432399749756	0.6309755490889124	-0.6375267653409127
3.099595308303833	0.6254538232985375	-0.6805147766757056
3.109785318374634	0.6174010928393531	-0.6285740863959857
3.119588851928711	0.6119234551975501	-0.6767592057652532
3.129606246948242	0.6051995759723272	-0.6698578375158355
3.139582872390747	0.5985077604934524	-0.6693585355547824
3.1495888233184814	0.5914429888748851	-0.6542684304395996
3.159588098526001	0.5844988421615319	-0.644232688522804
3.1696314811706543	0.5776385060700344	-0.6371088514338286
3.179597854614258	0.571214466911759	-0.6469833742399675
3.1896159648895264	0.5643358371289985	-0.6384726579189848
3.199587345123291	0.5575200991187753	-0.6334459019627243
3.209602117538452	0.5507530502535188	-0.6290626372087533
3.2195885181427	0.5440154456158466	-0.6268211056976234
3.2296173572540283	0.5373007174855882	-0.6247249968059496
3.2395663261413574	0.5305967156994759	-0.6240605105718204
3.2498226165771484	0.5239105468024198	-0.6220967033121021
3.2596070766448975	0.5184694201161039	-0.6732421494482284
3.2696166038513184	0.5114023163123464	-0.6533682764592035
3.2795863151550293	0.5044650423512453	-0.6436720527382855
3.289605140686035	0.4989099609567438	-0.6836289609019195
3.29958438873291	0.49210437750652103	-0.6789918576508434
3.3096933364868164	0.48495974113076257	-0.6610355216063906
3.3196022510528564	0.4783307157185517	-0.6649918623211828
3.3295986652374268	0.4716916391307844	-0.6637780423555895
3.339597463607788	0.46505240593513586	-0.6646960789180099
3.3496270179748535	0.4584053164522099	-0.6653849880563367
3.3595998287200928	0.4517489649313524	-0.6664861151937609
3.3695600032806396	0.4450901326599354	-0.666109033001298
3.3796253204345703	0.4380547115955843	-0.6516930319986516
3.3898115158081055	0.4315078243399513	-0.6575963259905402
3.3996005058288574	0.42489748106894426	-0.6642163678944184
3.4095818996429443	0.4179041297586818	-0.647158753377512
3.4196479320526123	0.411022425045699	-0.6388133179265532
3.429730176925659	0.40419646574927254	-0.6345837379214065
3.439610481262207	0.3974028857544838	-0.631938844273944
3.4496140480041504	0.3919383190306534	-0.6730308090530894
3.459606409072876	0.38522193542517896	-0.6712926637655297
3.4695651531219482	0.37852118363542825	-0.66985526251145
3.4795897006988525	0.371836201344995	-0.6681743733871313
3.48956036567688	0.3647737901622312	-0.6543425205040865
3.4995932579040527	0.3582160645962066	-0.6575337704339526
3.509554147720337	0.35124012946409416	-0.6470791232553432
3.51955509185791	0.34474345259669353	-0.6522713562482578
3.5296082496643066	0.33781586533130215	-0.6428091240532505
3.5396242141723633	0.3309589382026245	-0.6371283665341501
3.549635171890259	0.32544315107995414	-0.6796580606615747
3.559600353240967	0.318671233262597	-0.6760642768758824
3.569578170776367	0.3119342862391821	-0.6726342806790617
3.579610586166382	0.3052241638047864	-0.6704970698569623
3.589728355407715	0.29814137599357005	-0.6561101925043757
3.599565029144287	0.2911647443867648	-0.6476176993439151
3.609546661376953	0.2843016337881498	-0.636414806974589
3.6195971965789795	0.2787947152269215	-0.6784302706667173
3.6295626163482666	0.2720283210435069	-0.6760065694462409
3.6395843029022217	0.265291819316064	-0.6725991207049928
3.649564027786255	0.25857688124161987	-0.6713578906014142
3.6595911979675293	0.25187706073303406	-0.6696458566932406
3.669635534286499	0.24518584295759133	-0.6694091922253003
3.6795806884765625	0.2381101810591715	-0.6555758443661399
3.6897616386413574	0.23116465238595338	-0.6440023176418594
3.699711322784424	0.22427812015536913	-0.6403611306802093
3.709670305252075	0.21745738651927382	-0.6334774804089665
3.7196788787841797	0.21069199491330157	-0.6288517188942941
3.7296268939971924	0.2039570887505801	-0.6265575625854105
3.7395904064178467	0.19852138308026326	-0.670364093239576
3.7495577335357666	0.19056403620486306	-0.6222022285265636
3.7596280574798584	0.18389035626990044	-0.62114567366903
3.7696752548217773	0.17720946234320134	-0.6223437913122343
3.779707670211792	0.17052226196414594	-0.6227448940998295
3.7896945476531982	0.1651027646479593	-0.6692098992315871
3.799609899520874	0.1584198282943583	-0.6682923733824158
3.80961012840271	0.15175278781410875	-0.66620873783762
3.8195905685424805	0.14509306093280996	-0.6664681583440293
3.8297860622406006	0.13805154149262747	-0.6523243668997678
3.8396034240722656	0.13109411664873	-0.6464377590417609
3.8495635986328125	0.12424372484452566	-0.6352292176970931
3.8596131801605225	0.11746370064795131	-0.6300956242834115
3.8696129322052	0.11199201811880188	-0.6750655321940549
3.8796215057373047	0.10525928275752755	-0.6726357535115484
3.889690399169922	0.09854556610662485	-0.6711190323708169
3.899545669555664	0.09145200438412568	-0.6572294087120403
3.90970516204834	0.08450673722868071	-0.6434668819400362
3.919677972793579	0.07762794045331209	-0.6395845933178883
3.9295825958251953	0.07081003548177539	-0.6333704081277989
3.9397966861724854	0.0640539337919021	-0.6277558630519582
3.949610948562622	0.058579080301090436	-0.6766319097850098
3.9596097469329834	0.051855000604434355	-0.6699857550801767
3.9696805477142334	0.04389582914197441	-0.6226187780236145
3.9796223640441895	0.03847272567848894	-0.6698900221464259
3.989619731903076	0.03178942094566554	-0.6678575247561966
3.9996259212493896	0.0251164252906271	-0.667560384231402
4.009562015533447	0.017179306305909456	-0.6211850968647581
4.0195472240448	0.011781669017707379	-0.6660969422863832
4.02957010269165	0.005124610845805781	-0.6660872074219766
4.039637804031372	-0.0015367548729439203	-0.6668409906950352
4.049558639526367	-0.00820955749496006	-0.6682714848794569
4.059595108032227	-0.01487706990271349	-0.6663053914263977
4.06963586807251	-0.02154181212329316	-0.6672669635568487
4.079599857330322	-0.028214993807165942	-0.668024917731574
4.089595079421997	-0.03488549282551744	-0.6670041662176658
4.099606513977051	-0.04155120159590877	-0.6669221403824512
4.109620809555054	-0.04821812297886718	-0.6671923433391056
4.119589567184448	-0.055270852446981655	-0.6534654659255101
4.129585027694702	-0.062202624159276264	-0.6429740427031356
4.139595031738281	-0.06775593643511986	-0.6836254476123642
4.149649620056152	-0.07456046614759179	-0.6788115539010169
4.159590482711792	-0.08133047911939487	-0.6763544495784737
4.169628381729126	-0.0880669925421025	-0.672346146412464
4.1796228885650635	-0.09478172903093215	-0.671508500674161
4.1896281242370605	-0.10148451340888948	-0.6700493162003387
4.199618339538574	-0.10817650734509916	-0.6692479775181268
4.2095606327056885	-0.11486014422997741	-0.6683861040537324
4.219601392745972	-0.12191158326137717	-0.6529451491226168
4.229569673538208	-0.12885019824208382	-0.6439638055099854
4.239832162857056	-0.13570352328888713	-0.6363390994673697
4.249583005905151	-0.14253945701303647	-0.6365489850908168
4.259585857391357	-0.14929799571233823	-0.6270836717312129
4.269810199737549	-0.156017432327523	-0.6252170130579693
4.2796311378479	-0.16147614520148434	-0.6749360387742618
4.289554834365845	-0.1681870144606349	-0.6689379321410367
4.299609422683716	-0.17524011652445493	-0.6529794511744833
4.309594631195068	-0.18218115292954729	-0.644247495838153
4.319680452346802	-0.18903943595950337	-0.636854943686038
4.329593181610107	-0.19456148613086952	-0.6808629029901336
4.3396360874176025	-0.20261146803302524	-0.6280612090969593
4.3496222496032715	-0.20806848326341218	-0.6734060228802117
4.359691858291626	-0.21478594826968303	-0.6712041839917455
4.369576454162598	-0.2214949593066943	-0.6713524066225096
4.379581689834595	-0.22818366669346207	-0.6677225241418177
4.389565706253052	-0.23523935868973322	-0.6536641205201583
4.399627685546875	-0.24217512874988373	-0.6433992230138865
4.409602642059326	-0.2490382874034221	-0.6377055855218894
4.419747352600098	-0.255841024971508	-0.6321003407044323
4.429620027542114	-0.26133746639639927	-0.6784878760519255
4.439648389816284	-0.2693585291889054	-0.6257680918254072
4.449610233306885	-0.27479819515815934	-0.6713938414305962
4.459650754928589	-0.28149623159815623	-0.6693101012763232
4.469568967819214	-0.2885704813384607	-0.6554346330003131
4.4795427322387695	-0.2955106786657527	-0.6433977205108214
4.489561319351196	-0.30236018183686586	-0.6360472936644443
4.499566555023193	-0.30915598836615643	-0.6317635316919668
4.509687185287476	-0.3159143963064115	-0.6285254445508712
4.519690990447998	-0.322663941449961	-0.6284351638441594
4.529570817947388	-0.32939467515460846	-0.6261775791567206
4.5396130084991455	-0.3348198505028828	-0.6687031766073321
4.55000376701355	-0.34150503340410626	-0.6690542612801265
4.559596300125122	-0.3482336918610647	-0.6763347892211644
4.569585561752319	-0.35492952830737035	-0.6653049601967596
4.579602956771851	-0.3615805000612669	-0.665614364406393
4.589611053466797	-0.36823732770069495	-0.6664006133219018
4.599618434906006	-0.3752825684644357	-0.6527969398057036
4.609584093093872	-0.38221479920626533	-0.6432334315643513
4.6195878982543945	-0.3890616940933003	-0.6357804868560946
4.629758358001709	-0.39585301378207494	-0.6312997746287745
4.639794826507568	-0.4026331488751749	-0.6313059471043796
4.649592161178589	-0.4081115697777389	-0.6757081219248009
4.659577369689941	-0.41482604640819115	-0.6689987098898269
4.669642210006714	-0.42188916106994395	-0.6541772420041587
4.679619073867798	-0.4288416631200806	-0.645275402828259
4.689579725265503	-0.4357071342185732	-0.6374149982224233
4.699612379074097	-0.4412184404670917	-0.6787565493309455
4.709640979766846	-0.4479854432492658	-0.6758730854057924
4.719579458236694	-0.45511198847044415	-0.6597878777388706
4.72953987121582	-0.4607734671398015	-0.6950771769450028
4.7395923137664795	-0.4689668454818961	-0.6381789476049602
4.749543905258179	-0.47578547043473157	-0.6338860481424942
4.759580135345459	-0.48255308957238024	-0.6289978382779617
4.7695417404174805	-0.48801572294665085	-0.673973305558681
4.779559135437012	-0.4947350085591909	-0.671104137020694
4.789574146270752	-0.5018204795167969	-0.6562512470743431
4.799732446670532	-0.5083991100275504	-0.6597597816706711
4.8096325397491455	-0.5150240479842607	-0.6651617535992074
4.819644451141357	-0.5216635028958447	-0.663718824186333
4.82962441444397	-0.5283040506028883	-0.6649674779414279
4.8396124839782715	-0.534951187742311	-0.6651942367006489
4.8495752811431885	-0.5416011363216053	-0.6655157437760297
4.8595781326293945	-0.5482507961196341	-0.6652299710601446
4.869637727737427	-0.5552855657556393	-0.6518816800857894
4.879666805267334	-0.562218322103968	-0.6435760609183587
4.889606237411499	-0.5690778514210859	-0.637210846578165
4.899571418762207	-0.5758710140631753	-0.6310879538159162
4.909834861755371	-0.5813396489192938	-0.6741059413096069
4.919680118560791	-0.5893791931911914	-0.6302647419946001
4.929538726806641	-0.5948282516825204	-0.6710688881975471
4.939584732055664	-0.6015115792679082	-0.6669988106385065
4.949628829956055	-0.6081831463423317	-0.6679425596139577
4.959607839584351	-0.6148622897643677	-0.668563473667197
4.969558477401733	-0.6215389793563433	-0.6676828839431599
4.979599714279175	-0.6285859076730601	-0.6526114439787687
4.989575386047363	-0.6355218439253782	-0.6437400577556558
4.999693155288696	-0.6423744664635831	-0.6363219162640268
5.009786367416382	-0.6491878770419018	-0.6338182839751925
5.019578456878662	-0.6546900549337105	-0.6787362113725035
5.029820442199707	-0.6614289020889307	-0.6710048856190973
5.039615631103516	-0.668156316602315	-0.6746908986480735
5.04957127571106	-0.675237028388802	-0.6545800189200155
5.059602737426758	-0.6808649467783474	-0.6915202892896284
5.069596767425537	-0.6877370902998622	-0.6847498080109389
5.079586029052734	-0.695836839733928	-0.632110190699948
5.089557409286499	-0.7025956364663689	-0.628467085900813
5.099720239639282	-0.7093216181344635	-0.6255906372378559
5.1099419593811035	-0.7160534821498269	-0.627181328199107
5.119588136672974	-0.7215253020342856	-0.676355416704381
5.129581928253174	-0.7294909346504581	-0.6201299409525967
5.139559984207153	-0.7361516127134003	-0.6201975650675586
5.149579048156738	-0.7415473911386969	-0.6662036429028533
5.159608364105225	-0.7468512763925333	-0.7154572734331099
5.169561386108398	-0.7548776419923013	-0.6674996901669628
5.1796019077301025	-0.7619234317305975	-0.6525288271702809
5.189560890197754	-0.7688585759264485	-0.6436690091357209
5.199944019317627	-0.7757080313693752	-0.6359588436004118
5.209587574005127	-0.7825594859138272	-0.6385501566103411
5.219600677490234	-0.7893179391320561	-0.6264637252658005
5.229590892791748	-0.7960338471311106	-0.6249772334910528
5.239577293395996	-0.802733956296535	-0.6235108318528593
5.249569416046143	-0.8094213799807625	-0.6224165596300686
5.25956654548645	-0.8161006626328543	-0.6217609599720111
5.2695841789245605	-0.8227753120148609	-0.6213978372708957
5.279546022415161	-0.8294501372724673	-0.6215298051855795
5.289577484130859	-0.8348531249222988	-0.6668749561740903
5.2996506690979	-0.8415219854604744	-0.66756338702184
5.3097662925720215	-0.8482013855069641	-0.6688859751106093
5.319602966308594	-0.8548966369822185	-0.6706650378007013
5.329626560211182	-0.8615741007835923	-0.6662763656805293
5.3396031856536865	-0.8682370989293073	-0.6669863191459706
5.349612236022949	-0.8752823041275564	-0.6526142038539806
5.359563589096069	-0.8822132855327518	-0.6431373372425124
5.369543790817261	-0.8890571754741211	-0.6354447392150007
5.379545450210571	-0.8958420753671021	-0.6306222173453468
5.3895509243011475	-0.9025905160492148	-0.6276623436760373
5.399636745452881	-0.9093151327167593	-0.6256699448499121
5.409614562988281	-0.9147608164380265	-0.6724799537096235
5.419757127761841	-0.9214696749129854	-0.67039027507414
5.429581642150879	-0.9285686168203506	-0.6581049934552516
5.439570426940918	-0.9355163499908401	-0.6434997248350074
5.4496471881866455	-0.9410724738235516	-0.6838846342108884
5.4596216678619385	-0.9478869103451854	-0.6803395058695827
5.470148801803589	-0.9546602080459263	-0.6758037219846689
5.479602813720703	-0.9614604052681072	-0.6837933197636472
5.4896135330200195	-0.9682016508795366	-0.6677115608245563
5.499591112136841	-0.9748749601339661	-0.667724709325652
5.510086536407471	-0.9819264023663395	-0.6531469491613446
5.519570589065552	-0.9873614321567126	-0.4637300153864661
5.529609680175781	-0.991186472179351	-0.32338568305795223
5.539571285247803	-0.9938538719427013	-0.22551353560885673
5.549605846405029	-0.9957139875353671	-0.15726223332024108
5.55956506729126	-0.9967877089349573	-0.11786528180490266
5.569591999053955	-0.9977599035658796	-0.08219354726320316
5.579551696777344	-0.9984378650836574	-0.05731780477045585
5.5896289348602295	-0.9989106426581965	-0.03997066501076639
5.599660158157349	-0.9992403348739434	-0.027873608694560202
5.60959005355835	-0.9994702462804433	-0.019437706664329236
5.619594097137451	-0.9996305753762306	-0.013554916570324274
5.629542589187622	-0.9997423811337061	-0.009452543265592212
5.6397480964660645	-0.9998203490617562	-0.006591746524172218
5.6496124267578125	-0.9998653547770779	-0.004940398246004763
5.65959095954895	-0.9999061049333228	-0.003445194806423214
5.669849395751953	-0.9999345221215056	-0.002402512239539304
5.679584264755249	-0.9999543388942161	-0.0016753958441989014
5.689582824707031	-0.9999681581531147	-0.0011683400353011712
5.699593782424927	-0.9999777950359356	-0.0008147438366961773
5.7096498012542725	-0.9999845153319505	-0.0005681629486083098
5.719588756561279	-0.9999892017413807	-0.0003962093625369572
5.729591131210327	-0.9999924698166704	-0.0002762972477303962
5.739603519439697	-0.999994748814325	-0.00019267633811941853
5.749595880508423	-0.9999963380770711	-0.0001343631598834544
5.759520530700684	-0.9999974463520493	-9.369836955484321e-05
5.7695441246032715	-0.9999982192094202	-6.534071143251351e-05
5.779540300369263	-0.9999987581627732	-4.556545211011786e-05
5.78964376449585	-0.9999990692648093	-3.415050607524763e-05
5.799604415893555	-0.9999993509502908	-2.3814911330703992e-05
5.809582471847534	-0.9999995473841224	-1.6607367412545675e-05
5.819610357284546	-0.9999996843675767	-1.158117486007436e-05
5.82960844039917	-0.9999997798932126	-8.076151255977255e-06
5.83960485458374	-0.9999998465081714	-5.631917302112538e-06
5.849611759185791	-0.9999998849605704	-4.221023100387604e-06
5.859594821929932	-0.9999999197770655	-2.9435373706151828e-06
5.869874000549316	-0.9999999440564054	-2.052680599234837e-06
5.879605293273926	-0.9999999609876428	-1.4314401757586608e-06
5.889585018157959	-0.9999999727946688	-9.982171504679355e-07
5.899592638015747	-0.9999999810283176	-6.961083691182403e-07
5.909606218338013	-0.9999999867700662	-4.854323123289905e-07
5.919579267501831	-0.999999990774084	-3.3851701650872674e-07
5.929579257965088	-0.9999999935662924	-2.3606539465366498e-07
5.939590215682983	-0.9999999955134434	-1.6462058950677112e-07
5.949926853179932	-0.9999999968712924	-1.1479843762180113e-07
5.959567070007324	-0.9999999978181906	-8.005487942586987e-08
5.9696948528289795	-0.9999999984785117	-5.5826402902541943e-08
5.9796130657196045	-0.9999999988596712	-4.1840907975613704e-08
5.989579200744629	-0.9999999992047899	-2.9177823780991656e-08
5.9996044635772705	-0.9999999994454589	-2.0347204084704353e-08
6.009582042694092	-0.9999999995843813	-1.5249868970512572e-08
6.01956582069397	-0.9999999997303273	-9.894824719639338e-09
6.029645681381226	-0.9999999997978851	-7.415991364696566e-09
6.039693593978882	-0.9999999998688582	-4.811847158249673e-09
6.049560308456421	-0.9999999999017117	-3.6063934381892967e-09
6.0595855712890625	-0.9999999999314586	-2.514917118814571e-09
6.069648504257202	-0.9999999999522028	-1.7537752754717968e-09
6.07956075668335	-0.9999999999666687	-1.2229953532149774e-09
6.089587926864624	-0.9999999999767565	-8.528515669527285e-10
6.099606513977051	-0.9999999999837911	-5.947370623854186e-10
6.109588861465454	-0.9999999999886967	-4.1474033323101625e-10
6.119575500488281	-0.9999999999921176	-2.892174844285538e-10
6.129588842391968	-0.9999999999940922	-2.167662179947885e-10
6.139615058898926	-0.9999999999958802	-1.511639845209146e-10
6.14966607093811	-0.9999999999971271	-1.0541155393967149e-10
6.1596128940582275	-0.9999999999979965	-7.351255381617949e-11
6.1695780754089355	-0.9999999999986028	-5.1267328716973494e-11
6.179588317871094	-0.9999999999990258	-3.574615583233491e-11
6.1901304721832275	-0.9999999999993207	-2.4928554494958603e-11
6.199611663818359	-0.9999999999995264	-1.7378500955622212e-11
6.209582090377808	-0.9999999999996698	-1.2113762366917129e-11
6.2195868492126465	-0.9999999999997697	-8.448611617775866e-12
6.230084419250488	-0.9999999999998394	-5.893842152697433e-12
6.239619016647339	-0.9999999999998879	-4.112433628253076e-12
6.24962854385376	-0.9999999999999218	-2.8693260612539037e-12
6.259611129760742	-0.9999999999999455	-2.001182525439798e-12
6.269729852676392	-0.999999999999962	-1.3947285693275625e-12
6.279594898223877	-0.9999999999999735	-9.74054360186812e-13
6.289607763290405	-0.9999999999999801	-7.314453604219951e-13
6.29966926574707	-0.999999999999987	-4.739130336592642e-13
6.309584617614746	-0.9999999999999902	-3.5628575773069395e-13
6.31959342956543	-0.9999999999999931	-2.499828088419426e-13
6.329573154449463	-0.9999999999999953	-1.7446615708496094e-13
6.339585542678833	-0.9999999999999966	-1.2498069186788682e-13
6.349594593048096	-0.9999999999999977	-8.723307853842941e-14
6.359593152999878	-0.9999999999999986	-4.948549570116255e-14
6.36959981918335	-0.9999999999999986	-4.907185784485358e-14
6.3796234130859375	-0.9999999999999986	-4.907185768843197e-14
6.390011787414551	-0.9999999999999986	-4.9071857688431906e-14
6.399588584899902	-0.9999999999999986	-4.907185768843192e-14
6.409593105316162	-0.9999999999999986	-4.9071857688431906e-14
6.419585704803467	-0.9999999999999986	-4.907185768843192e-14
6.429670333862305	-0.9999999999999986	-4.9071857688431906e-14
6.439599990844727	-0.9999999999999986	-4.907185768843192e-14
6.4496026039123535	-0.9999999999999986	-4.9071857688431906e-14
6.459671497344971	-0.9999999999999986	-4.907185768843192e-14
6.469711065292358	-0.9999999999999986	-4.9071857688431906e-14
6.479612827301025	-0.9999999999999986	-4.907185768843192e-14
6.48952579498291	-0.9999999999999986	-4.9071857688431906e-14
6.499546527862549	-0.9999999999999986	-4.907185768843192e-14
6.509629249572754	-0.9999999999999986	-4.9071857688431906e-14
6.519577741622925	-0.9985108037540128	0.18089579464365757
6.52963662147522	-0.9954800904697771	0.31304590511849667
6.539589166641235	-0.9913422826346003	0.40727491423915824
6.549593925476074	-0.9864436849454321	0.47098811200768165
6.55976939201355	-0.9810114837704426	0.5163994514254028
6.5696094036102295	-0.9751783129562097	0.5512740769844044
6.579822301864624	-0.9691093621856335	0.5692921583280932
6.58961820602417	-0.9640338136843146	0.6327902970706121
6.599554061889648	-0.9576734918381402	0.6390422318117974
6.609543561935425	-0.9512453447884068	0.6462235964100704
6.619637727737427	-0.9443694133209222	0.6383765481273036
6.629631042480469	-0.9375427056860974	0.6348076759648009
6.639622211456299	-0.9307610317652021	0.6304243739154602
6.649928331375122	-0.9240158452732024	0.6273273100403274
6.659774303436279	-0.9172474962375988	0.63108425811032
6.669687747955322	-0.9105193202802554	0.6250599579337881
6.6795408725738525	-0.9038304025477394	0.622126214638663
6.689615964889526	-0.8984359964159913	0.6651278000776262
6.6995625495910645	-0.8917764772508879	0.6672247873917656
6.709633111953735	-0.8851146010394108	0.6660951806841511
6.719604730606079	-0.8784476228282744	0.6678086105010277
6.729602575302124	-0.8717780178328782	0.6670074997360063
6.739573955535889	-0.8647293601703683	0.6530272450434291
6.749635696411133	-0.8591102112116925	0.6906741884202441
6.759736776351929	-0.8509432972120966	0.6372258452373709
6.769643783569336	-0.8441250112954573	0.6341351569649889
6.779592990875244	-0.838642341197418	0.67521581834877
6.789604663848877	-0.8319142594187904	0.6717195170353765
6.799603700637817	-0.8252077432511388	0.6705422986023875
6.809578895568848	-0.818512403191255	0.6694667749422041
6.81958794593811	-0.8114469613764348	0.6543169120606505
6.829638481140137	-0.8048849798768288	0.6582905583763039
6.839594602584839	-0.7982847031400611	0.6619622955594315
6.849698305130005	-0.7912841068762524	0.648725687487149
6.859585523605347	-0.7856789272091401	0.6901206729350351
6.869771718978882	-0.7788351047408237	0.6808637664602908
6.879600286483765	-0.77203285663351	0.6804407372403474
6.889592885971069	-0.7652756975742999	0.6729303534601874
6.899560213088989	-0.7581790079569412	0.6570580411946505
6.909621477127075	-0.7512178247618454	0.6454524463946025
6.91956353187561	-0.7447228837474232	0.6531626493175935
6.9295854568481445	-0.7391056585552024	0.6902524442953291
6.939607381820679	-0.7322450835812909	0.6836731183029292
6.949566841125488	-0.7254387712926389	0.6790855591691753
6.959600210189819	-0.7182964221990777	0.660729132947856
6.969584941864014	-0.7112947451062268	0.6492531405468798
6.979550838470459	-0.7043952476041506	0.640336669702537
6.989604711532593	-0.697572209487074	0.6337648928422244
6.999608278274536	-0.6907897719594851	0.6308347762647408
7.0096354484558105	-0.6840392826367635	0.6278464404488051
7.019665479660034	-0.6773097920890498	0.6262059103549553
7.030021667480469	-0.6705933906196428	0.6251156432090723
7.039575576782227	-0.6638355408129346	0.6304825473758751
7.0496015548706055	-0.6584189028967397	0.665352380425033
7.059607744216919	-0.6517632696864765	0.6663881581217497
7.069595098495483	-0.645101360944427	0.6667143247250391
7.079809904098511	-0.6371752511395252	0.6202823530140991
7.089583396911621	-0.6317513400697724	0.6710451246282174
7.099599361419678	-0.6247040573183207	0.6516298621202197
7.10961127281189	-0.6177801269241298	0.6425806927877837
7.119606256484985	-0.6109314627955833	0.6361942188143712
7.129588603973389	-0.6041380945200541	0.6314225933201394
7.139726877212524	-0.5973860386244956	0.6278576996966276
7.149571180343628	-0.5906392728557635	0.6283009416524097
7.159662485122681	-0.5839343136993824	0.6230875709998704
7.16958212852478	-0.578505623866641	0.6706550904250277
7.179596185684204	-0.571818587617617	0.6679437060446072
7.189647674560547	-0.5651429403991426	0.6679571445548862
7.199601173400879	-0.5584628188661538	0.6687225861239132
7.2096123695373535	-0.5517877853451099	0.6672790485610187
7.219747543334961	-0.5451179509121155	0.6674361367654178
7.229640007019043	-0.5380445163387486	0.6559063012122879
7.239600658416748	-0.5311044102117043	0.6432429599828864
7.249600887298584	-0.5242582116740541	0.635693016072139
7.259596586227417	-0.5174681665862725	0.6311715899926171
7.269695281982422	-0.5107161161808341	0.6279334858875276
7.279596567153931	-0.5039748460207312	0.6276102924146407
7.289584636688232	-0.498537390958442	0.6702100668183237
7.299615144729614	-0.49184607589327856	0.6690130028302508
7.309753179550171	-0.4851596890272812	0.6690352903098646
7.319624900817871	-0.4784606008123776	0.6712211632437659
7.329606056213379	-0.4717744692644346	0.6673716420587676
7.339559078216553	-0.4647253965235336	0.6529669703866461
7.3495776653289795	-0.45780017032791975	0.6423307887974414
7.359582424163818	-0.4509525354160869	0.6361453269310224
7.369585990905762	-0.44544476439034464	0.6786951250364888
7.379671096801758	-0.4386816502302838	0.6752435352717154
7.38963508605957	-0.4319375162749446	0.6744821291921157
7.399594783782959	-0.42521375258474303	0.6715074166037815
7.4096105098724365	-0.418515033862426	0.669345558116061
7.419635772705078	-0.41277875048209256	0.7038672939560073
7.42962384223938	-0.40580548144302525	0.693235322697257
7.439594268798828	-0.3989242366715834	0.6850705509373238
7.4495766162872314	-0.39211239395495995	0.6790205196767127
7.459607362747192	-0.3849670454297595	0.6611134043235567
7.46959114074707	-0.3783464789443636	0.6634679643334773
7.47959566116333	-0.37132918768536854	0.6502950906414342
7.489582061767578	-0.36480090676014687	0.6553945181506298
7.49959397315979	-0.35784980450590514	0.6447141487348711
7.509614944458008	-0.3513666969654753	0.6516518006886545
7.519601345062256	-0.34482461959617644	0.6567361257783324
7.5295915603637695	-0.3378624500600283	0.6456498336959371
7.5395777225494385	-0.33099182610309863	0.637926890225416
7.549637079238892	-0.32418553053075694	0.6324651425924146
7.5595903396606445	-0.31741296563198773	0.630031419270346
7.569607734680176	-0.31067688269646987	0.6263411626259885
7.579631328582764	-0.3039613202500036	0.6249725403125082
7.58953070640564	-0.29725608765784656	0.624134614073625
7.599735260009766	-0.29057697698444535	0.6212167554809032
7.60955548286438	-0.28514787975569034	0.6715384959108641
7.619587659835815	-0.2784651193523349	0.6665540798134089
7.629593133926392	-0.2717988328186538	0.6673530893005175
7.6395885944366455	-0.2651290477645064	0.6673728286189817
7.64961838722229	-0.2584602672985157	0.6671843231580372
7.659552335739136	-0.25178904672438296	0.6677456732561444
7.6695780754089355	-0.2447441777744822	0.6523420512175344
7.679580926895142	-0.23781286035602114	0.6432610562319288
7.689598798751831	-0.23095998544065194	0.6364984762041912
7.699608087539673	-0.22416056785610128	0.632064742284774
7.709758996963501	-0.21739904859981374	0.6288116360270737
7.719619989395142	-0.21192433948812547	0.6761481702286667
7.72958779335022	-0.205198815941573	0.6705910636561867
7.73961615562439	-0.19850671986105864	0.6688694282756775
7.749615907669067	-0.19182176849019375	0.668891725132398
7.759594917297363	-0.18475726986492302	0.6543774325231053
7.769552707672119	-0.17819828528682766	0.6577265106599675
7.779629468917847	-0.172548073549662	0.6939899402891512
7.7896177768707275	-0.164347105021662	0.6396593493058036
7.799612998962402	-0.15881725606171024	0.6809968526355172
7.809603214263916	-0.1520361288419051	0.6766801295499212
7.8196330070495605	-0.1452911896778778	0.6735688589326934
7.8296308517456055	-0.13818346933275327	0.6582031260288297
7.83958101272583	-0.13120812122193928	0.6468242972746101
7.849597215652466	-0.12433400434936154	0.6379934464772659
7.8596320152282715	-0.11752251411273539	0.6330758832395147
7.869511127471924	-0.11074870928621233	0.6299960035416858
7.879586458206177	-0.10529754642442198	0.6715506004312142
7.8895862102508545	-0.09858502004159131	0.6717087271561379
7.899645805358887	-0.09187997088080578	0.6702950561891623
7.909643650054932	-0.08517962305667792	0.670516429822271
7.919596433639526	-0.07848463154292497	0.6694250050787027
7.929624080657959	-0.07180389146025899	0.6677540796938881
7.939608812332153	-0.06512822424251068	0.6680993973512348
7.9495720863342285	-0.05845469778935015	0.6674746258776072
7.9595959186553955	-0.05140753260386513	0.6527036383242621
7.969560146331787	-0.044857137646181704	0.6574638537341131
7.979632139205933	-0.037892394459058995	0.6457407931561714
7.989552736282349	-0.031008373176877154	0.6395265893849125
